map C  LETTERS  X=2000001  odd seeds=1000000  depth=400  (no conditioning)
  depth   alive        P(a=1)      P(a=2)      P(a=3)      P(a=4)      mean a
      1     1000000  0.50000000  0.25000000  0.12500000  0.06250000  2.000000
      2     1000000  0.50000200  0.24999700  0.12500000  0.06250300  1.999999
      3     1000000  0.50000100  0.24999300  0.12500200  0.06250200  2.000002
      5     1000000  0.50000900  0.24999900  0.12500400  0.06250000  1.999990
     10     1000000  0.49992300  0.25028800  0.12490100  0.06227600  2.000171
     20     1000000  0.49971200  0.24978500  0.12547800  0.06247400  2.002100
     30     1000000  0.49963100  0.24959200  0.12538500  0.06224500  2.001896
     40     1000000  0.49919400  0.25020300  0.12491600  0.06283300  2.001377
     60     1000000  0.49951100  0.24910500  0.12516300  0.06305800  2.003770
     80      999998  0.50024200  0.24960950  0.12361525  0.06270013  2.001379
    120      996976  0.49688358  0.24911733  0.12629692  0.06357826  2.010699
    200      724470  0.49822629  0.24820904  0.12537027  0.06366861  2.012537
    300      196727  0.50846605  0.24313897  0.12044102  0.06277227  1.989391
    400       32067  0.52125238  0.18632862  0.11460380  0.08831509  2.078773
  pooled depths 1-10: n=10000000  total-variation distance to geometric(1/2) = 1.211e-04  mean a = 1.999975700
