map A  LETTERS  X=2000001  odd seeds=1000000  depth=500  (no conditioning)
  depth   alive        P(a=1)      P(a=2)      P(a=3)      P(a=4)      mean a
      1     1000000  0.50000000  0.25000000  0.12500000  0.06250000  2.000000
      2     1000000  0.49999600  0.25000200  0.12500100  0.06250500  2.000011
      3     1000000  0.49997200  0.25001900  0.12500300  0.06252200  1.999999
      5     1000000  0.49981900  0.25016000  0.12503100  0.06258900  2.000015
     10     1000000  0.49593100  0.25414100  0.12533400  0.06329100  2.001203
     20     1000000  0.45182700  0.31405400  0.11969200  0.06342200  1.997922
     30     1000000  0.37948000  0.42963900  0.09843900  0.05587300  1.976702
     40     1000000  0.30973800  0.54619100  0.07145000  0.04936900  1.949698
     60     1000000  0.15716600  0.75417900  0.03502700  0.04017400  2.004646
     80     1000000  0.04471200  0.92679400  0.01170900  0.01132500  2.007440
    120     1000000  0.00205500  0.99625700  0.00051400  0.00097500  2.001036
    200     1000000  0.00000000  1.00000000  0.00000000  0.00000000  2.000000
    300     1000000  0.00000000  1.00000000  0.00000000  0.00000000  2.000000
    400     1000000  0.00000000  1.00000000  0.00000000  0.00000000  2.000000
    500     1000000  0.00000000  1.00000000  0.00000000  0.00000000  2.000000
  pooled depths 1-10: n=10000000  total-variation distance to geometric(1/2) = 1.431e-03  mean a = 2.000399200
