map B  LETTERS  X=2000001  odd seeds=1000000  depth=500  (no conditioning)
  depth   alive        P(a=1)      P(a=2)      P(a=3)      P(a=4)      mean a
      1     1000000  0.50000000  0.25000000  0.12500000  0.06250000  1.999997
      2     1000000  0.50000500  0.24999800  0.12499700  0.06249500  1.999998
      3     1000000  0.50002600  0.24999100  0.12499600  0.06247700  1.999925
      5     1000000  0.50017500  0.24993300  0.12496900  0.06239900  1.999568
     10     1000000  0.50291000  0.24966300  0.12344100  0.06166800  1.991739
     20     1000000  0.53034000  0.24497400  0.10819000  0.05970800  1.922626
     30     1000000  0.58614700  0.23053700  0.08407200  0.05690000  1.782216
     40     1000000  0.64586500  0.21571500  0.05649200  0.05401800  1.632879
     60     1000000  0.70691900  0.21757700  0.02150700  0.04686000  1.438779
     80     1000000  0.73296100  0.20872900  0.00585100  0.05030400  1.382728
    120     1000000  0.74210000  0.20974200  0.00034100  0.04766400  1.354262
    200     1000000  0.73694100  0.21572600  0.00000400  0.04732900  1.357721
    300     1000000  0.74051300  0.21319900  0.00000000  0.04628800  1.352063
    400     1000000  0.74250500  0.20984600  0.00000000  0.04764900  1.352793
    500     1000000  0.74113700  0.20880700  0.00000000  0.05005600  1.358975
  pooled depths 1-10: n=10000000  total-variation distance to geometric(1/2) = 9.832e-04  mean a = 1.998305200
