1 5
2 21
3 21
4 21
5 21
6 21
7 21
8 21
9 21
10 21
11 21
12 21
13 21
14 21
15 21
16 533
17 533
18 533
19 533
20 533
21 533
22 533
23 533
24 533
25 533
26 533
27 533
28 533
29 533
30 533
31 533
32 789
33 789
34 789
35 789
36 789
37 789
38 1205
39 1205
40 1205
41 1205
42 1205
43 1205
44 1205
45 1205
46 1205
47 5205
48 5205
49 5205
50 8341
51 8341
52 8341
53 10677
54 10677
55 10677
56 14357
57 14357
58 14357
59 14357
60 14357
61 14357
62 14357
63 14357
64 14357
65 14357
66 18837
67 18837
68 18837
69 18837
70 18837
71 18837
72 51733
73 51733
74 51733
75 51733
76 51733
77 51733
78 51733
79 51733
80 51733
81 51733
82 51733
83 51733
84 51733
85 51733
86 51733
87 82773
88 82773
89 82773
90 82773
91 106005
92 106005
93 106005
94 108565
95 108565
96 108565
97 217269
98 217269
99 217269
100 284501
101 284501
102 284501
103 284501
104 284501
105 284501
106 391573
107 391573
108 391573
109 391573
110 391573
111 391573
112 391573
113 391573
114 391573
115 391573
116 391573
117 391573
118 391573
119 400533
120 400533
121 400533
122 640853
123 640853
124 640853
125 1025365
126 1025365
127 1025365
128 1478837
129 1478837
130 1478837
131 1847125
132 1847125
133 1847125
134 1847125
135 1847125
136 1847125
137 1847125
138 1847125
139 1847125
140 1847125
141 1847125
142 1847125
143 1847125
144 1847125
145 1847125
146 2030677
147 2030677
148 2030677
149 2030677
150 2030677
151 2030677
152 2030677
153 2030677
154 2030677
155 2030677
156 2030677
157 2030677
158 2030677
159 2180437
160 2180437
161 2180437
162 2180437
163 2180437
164 2180437
165 2180437
166 2180437
167 2180437
168 2232853
169 2232853
170 2232853
171 2397461
172 2397461
173 2397461
174 2397461
175 2397461
176 2397461
177 2397461
178 2397461
179 2397461
180 2397461
181 2766677
182 2766677
183 2766677
184 4022805
185 4022805
186 4022805
187 4022805
188 4022805
189 4022805
190 4218261
191 4218261
192 4218261
193 4218261
194 4218261
195 4218261
196 9058613
197 9058613
198 9058613
199 9058613
200 9058613
201 9058613
202 9058613
203 9058613
204 9058613
205 9058613
206 9058613
207 9058613
208 9058613
209 14493781
210 14493781
211 14493781
212 15562581
213 15562581
214 15562581
215 15562581
216 15562581
217 15562581
218 15562581
219 15562581
220 15562581
221 38156597
222 38156597
223 38156597
224 38156597
225 38156597
226 38156597
227 38156597
228 38156597
229 38156597
230 38156597
231 38156597
232 38156597
233 38906133
234 38906133
235 38906133
236 38906133
237 39090837
238 39090837
239 39090837
240 39090837
241 39090837
242 39090837
243 39090837
244 39090837
245 39090837
246 39090837
247 39090837
248 39090837
249 39090837
250 39090837
251 39090837
252 39090837
253 39090837
254 39090837
255 39090837
256 39090837
257 39090837
258 39090837
259 39090837
260 39090837
261 39090837
262 39090837
263 39090837
264 39090837
265 51237173
266 51237173
267 51237173
268 51237173
269 51237173
270 51237173
271 74716309
272 74716309
273 74716309
274 74716309
275 74716309
276 74716309
277 74716309
278 74716309
279 74716309
280 74716309
281 74716309
282 74716309
283 74716309
284 74716309
285 74716309
286 74716309
287 74716309
288 74716309
289 122415189
290 122415189
291 122415189
292 122415189
293 122415189
294 122415189
295 122415189
296 244830389
297 244830389
298 244830389
299 250706325
300 250706325
301 250706325
302 815268373
303 815268373
304 815268373
305 815268373
306 815268373
307 815268373
308 815268373
309 815268373
310 815268373
311 815268373
312 815268373
313 815268373
314 815268373
315 815268373
316 815268373
317 815268373
318 815268373
319 815268373
320 815268373
321 815268373
322 815268373
323 815268373
324 815268373
325 815268373
326 815268373
327 815268373
328 815268373
329 815268373
330 815268373
331 815268373
332 815268373
333 815268373
334 815268373
335 815268373
336 815268373
337 815268373
338 815268373
339 834834261
340 834834261
341 834834261
342 854870805
343 854870805
344 854870805
345 1094234645
346 1094234645
347 1094234645
348 1750775829
349 1750775829
350 1750775829
351 1750775829
352 1879882133
353 1879882133
354 1879882133
355 1879882133
356 1879882133
357 1879882133
358 1879882133
359 1879882133
360 1879882133
361 3007809973
362 3007809973
363 3007809973
364 4812495957
365 4812495957
366 4812495957
367 4927984597
368 4927984597
369 4927984597
370 6307820309
371 6307820309
372 6307820309
373 10092512533
374 10092512533
375 10092512533
376 12918410901
377 12918410901
378 12918410901
379 21165572533
380 21165572533
381 21165572533
382 21165572533
383 21165572533
384 21165572533
385 21165572533
386 21673560725
387 21673560725
388 21673560725
389 29787929269
390 29787929269
391 29787929269
392 29787929269
393 29787929269
394 29787929269
395 29787929269
396 29787929269
397 29787929269
398 29787929269
399 29787929269
400 29787929269
401 39980551349
402 39980551349
403 39980551349
404 39980551349
405 39980551349
406 39980551349
407 39980551349
408 39980551349
409 39980551349
410 39980551349
411 79961363541
412 79961363541
413 79961363541
414 102350545333
415 102350545333
416 102350545333
