1 625000000005
2 625000000021
3 625000000021
4 625000000021
5 625000000021
6 625000000021
7 625000000021
8 625000000021
9 625000000021
10 625000000021
11 625000000021
12 625000000021
13 625000000277
14 625000000277
15 625000000277
16 625000000277
17 625000000277
18 625000000277
19 625000000341
20 625000000341
21 625000000341
22 625000000341
23 625000000341
24 625000000341
25 625000000341
26 625000000341
27 625000000341
28 625000000341
29 625000000341
30 625000000341
31 625000000341
32 625000000341
33 625000000341
34 625000000341
35 625000000341
36 625000000341
37 625000000341
38 625000000341
39 625000000341
40 625000000341
41 625000000341
42 625000000341
43 625000000341
44 625000000341
45 625000000341
46 625000000341
47 625000000341
48 625000000341
49 625000000341
50 625000000341
51 625000000341
52 625000000341
53 625000000341
54 625000000341
55 625000000341
56 625000000341
57 625000000341
58 625000000341
59 625000000341
60 625000000341
61 625000000341
62 625000000341
63 625000000341
64 625000000341
65 625000000341
66 625000000341
67 625000000341
68 625000000341
69 625000000341
70 625000000341
71 625000000341
72 625000000341
73 625000000341
74 625000000341
75 625000000341
76 625000000341
77 625000000341
78 625000000341
79 625000000341
80 625000000341
81 625000000341
82 625000015701
83 625000015701
84 625000015701
85 625000015701
86 625000015701
87 625000015701
88 625000015701
89 625000015701
90 625000015701
91 625000015701
92 625000015701
93 625000015701
94 625000015701
95 625000015701
96 625000015701
97 625000015701
98 625000015701
99 625000015701
100 625000015701
101 625000015701
102 625000015701
103 625000015701
104 625000015701
105 625000015701
106 625000015701
107 625000015701
108 625000015701
109 625000015701
110 625000015701
111 625000015701
112 625000015701
113 625000015701
114 625000015701
115 625000015701
116 625000015701
117 625000015701
118 625000015701
119 625000015701
120 625000015701
121 625000015701
122 625000020405
123 625000020405
124 625000020405
125 625000020405
126 625000020405
127 625000020405
128 625000046901
129 625000046901
130 625000046901
131 625000046901
132 625000046901
133 625000046901
134 625000046901
135 625000046901
136 625000046901
137 625000046901
138 625000046901
139 625000046901
140 625000046901
141 625000046901
142 625000046901
143 625000046901
144 625000046901
145 625000046901
146 625000046901
147 625000046901
148 625000046901
149 625000046901
150 625000046901
151 625000046901
152 625000046901
153 625000046901
154 625000046901
155 625000046901
156 625000046901
157 625000046901
158 625000046901
159 625000046901
160 625000046901
161 625000046901
162 625000046901
163 625000046901
164 625000046901
165 625000046901
166 625000046901
167 625000046901
168 625000046901
169 625000046901
170 625000046901
171 625000046901
172 625000046901
173 625000046901
174 625000046901
175 625000046901
176 625000046901
177 625000046901
178 625000046901
179 625000307893
180 625000307893
181 625000307893
182 625000307893
183 625000307893
184 625000307893
185 625000307893
186 625000307893
187 625000307893
188 625000307893
189 625000307893
190 625000307893
191 625000307893
192 625000307893
193 625000307893
194 625000307893
195 625000307893
196 625000307893
197 625000307893
198 625000307893
199 625000307893
200 625000307893
201 625000307893
202 625000307893
203 625000307893
204 625000307893
205 625000307893
206 625000307893
207 625000307893
208 625000307893
209 625000307893
210 625000307893
211 625000307893
212 625000307893
213 625000307893
214 625000307893
215 625000307893
216 625000307893
217 625000307893
218 625000307893
219 625000307893
220 625000307893
221 625000307893
222 625000307893
223 625000307893
224 625000307893
225 625000307893
226 625000307893
227 625000307893
228 625000307893
229 625000307893
230 625000307893
231 625000307893
232 625000307893
233 625000307893
234 625000307893
235 625004063509
236 625004063509
237 625004063509
238 625004063509
239 625004063509
240 625004906325
241 625004906325
242 625004906325
243 625004906325
244 625004906325
245 625004906325
246 625004906325
247 625004906325
248 625004906325
249 625004906325
250 625004906325
251 625004906325
252 625004906325
253 625004906325
254 625004906325
255 625004906325
256 625004906325
257 625004906325
258 625004906325
259 625004906325
260 625004906325
261 625004906325
262 625004906325
263 625004906325
264 625004906325
265 625004906325
266 625012272149
267 625012272149
268 625012272149
269 625012272149
270 625012272149
271 625012272149
272 625012272149
273 625012272149
274 625012272149
275 625012272149
276 625012272149
277 625012272149
278 625012272149
279 625012272149
280 625012272149
281 625012272149
282 625012272149
283 625012272149
284 625012272149
285 625012272149
286 625012272149
287 625012272149
288 625012272149
289 625012272149
290 625012272149
291 625012272149
292 625012272149
293 625012272149
294 625014371605
295 625014371605
296 625014371605
297 625014371605
298 625014371605
299 625014371605
300 625014371605
301 625014371605
302 625014371605
303 625014371605
304 625014371605
305 625014371605
306 625014371605
307 625014371605
308 625014371605
309 625014371605
310 625014371605
311 625014371605
312 625014371605
313 625014371605
314 625014371605
315 625014371605
316 625014371605
317 625014371605
318 625014371605
319 625014371605
320 625014371605
321 625014371605
322 625014371605
323 625014371605
324 625014371605
325 625014371605
326 625014371605
327 625014371605
328 625014371605
329 625014371605
330 625014371605
331 625014371605
332 625014371605
333 625014371605
334 625014371605
335 625014371605
336 625342127125
337 625342127125
338 625342127125
339 625342127125
340 625342127125
341 625342127125
342 625342127125
343 625342127125
344 625342127125
345 625342127125
346 625342127125
347 625342127125
348 625342127125
349 625342127125
350 625342127125
351 625342127125
352 625342127125
353 625342127125
354 625342127125
355 625342127125
356 625342127125
357 625342127125
358 625730290101
359 625730290101
360 625730290101
361 625730290101
362 625730290101
363 625730290101
364 625730290101
365 625730290101
366 625730290101
367 625730290101
368 625730290101
369 625730290101
370 625730290101
371 625730290101
372 625730290101
373 625730290101
374 625730290101
375 625730290101
376 625730290101
377 625730290101
378 625730290101
379 625730290101
380 625730290101
381 625730290101
382 625730290101
383 625730290101
384 625730290101
385 625730290101
386 625730290101
387 625730290101
388 625730290101
389 625730290101
390 625730290101
391 625730290101
392 625730290101
393 625730290101
394 625730290101
395 625730290101
396 625730290101
397 625730290101
398 625730290101
399 625730290101
400 625730290101
401 625730290101
402 625730290101
403 625730290101
404 625730290101
405 625730290101
406 625730290101
407 625730290101
408 625730290101
409 625730290101
410 625730290101
411 625730290101
412 625730290101
413 625730290101
414 625730290101
415 625730290101
416 625730290101
417 625740807317
418 625740807317
419 625740807317
420 625740807317
421 625740807317
422 625740807317
423 640758615221
424 640758615221
425 640758615221
426 648723180885
427 648723180885
428 648723180885
429 648723180885
430 648723180885
431 648723180885
432 648723180885
433 648723180885
434 648723180885
435 648723180885
436 648723180885
437 648723180885
438 648723180885
439 648723180885
440 648723180885
441 648723180885
442 648723180885
443 648723180885
444 648723180885
445 648723180885
446 648723180885
447 648723180885
448 648723180885
449 648723180885
450 648723180885
451 648723180885
452 648723180885
453 648723180885
