1 375000000005
2 375000000021
3 375000000021
4 375000000021
5 375000000021
6 375000000021
7 375000000021
8 375000000021
9 375000000021
10 375000000021
11 375000000021
12 375000000021
13 375000000021
14 375000000021
15 375000000021
16 375000000021
17 375000000021
18 375000000021
19 375000000661
20 375000000693
21 375000000693
22 375000000693
23 375000000693
24 375000000693
25 375000000693
26 375000000693
27 375000000693
28 375000000693
29 375000000693
30 375000000693
31 375000000693
32 375000000693
33 375000000693
34 375000000693
35 375000000693
36 375000000693
37 375000000693
38 375000000693
39 375000000693
40 375000000693
41 375000000693
42 375000000693
43 375000000693
44 375000000693
45 375000000693
46 375000000693
47 375000000693
48 375000000693
49 375000000693
50 375000000693
51 375000000693
52 375000000693
53 375000000693
54 375000000693
55 375000000693
56 375000000693
57 375000000693
58 375000000693
59 375000000693
60 375000000693
61 375000000693
62 375000000693
63 375000000693
64 375000000693
65 375000000693
66 375000000693
67 375000000693
68 375000000693
69 375000000693
70 375000000693
71 375000000693
72 375000000693
73 375000000693
74 375000000693
75 375000005301
76 375000005301
77 375000005301
78 375000005301
79 375000005301
80 375000013077
81 375000013077
82 375000013077
83 375000013077
84 375000013077
85 375000013077
86 375000013077
87 375000013077
88 375000013077
89 375000013077
90 375000013077
91 375000013077
92 375000013077
93 375000013077
94 375000013077
95 375000013077
96 375000013077
97 375000013077
98 375000013077
99 375000013077
100 375000013077
101 375000013077
102 375000013077
103 375000013077
104 375000013077
105 375000013077
106 375000013077
107 375000013077
108 375000013077
109 375000013077
110 375000013077
111 375000013077
112 375000013077
113 375000013077
114 375000013077
115 375000013077
116 375000013077
117 375000013077
118 375000013077
119 375000013077
120 375000013077
121 375000013077
122 375000013077
123 375000013077
124 375000013077
125 375000013077
126 375000013077
127 375000013077
128 375000013077
129 375000018261
130 375000018261
131 375000018261
132 375000018261
133 375000018261
134 375000018261
135 375000018261
136 375000018261
137 375000018261
138 375000018261
139 375000018261
140 375000018261
141 375000018261
142 375000018261
143 375000018261
144 375000018261
145 375000018261
146 375000018261
147 375000018261
148 375000018261
149 375000018261
150 375000018261
151 375000018261
152 375000018261
153 375000018261
154 375000018261
155 375000018261
156 375000018261
157 375000018261
158 375000018261
159 375000018261
160 375000018261
161 375000018261
162 375000018261
163 375000018261
164 375000018261
165 375000018261
166 375000018261
167 375000018261
168 375000018261
169 375000018261
170 375000018261
171 375000018261
172 375000018261
173 375000018261
174 375000018261
175 375000018261
176 375000018261
177 375000018261
178 375000018261
179 375000018261
180 375000018261
181 375000018261
182 375000018261
183 375000018261
184 375000018261
185 375000018261
186 375000018261
187 375000018261
188 375000018261
189 375000018261
190 375000018261
191 375000018261
192 375000018261
193 375000018261
194 375000018261
195 375000018261
196 375000018261
197 375000018261
198 375000018261
199 375000018261
200 375000018261
201 375000018261
202 375000018261
203 375000018261
204 375000018261
205 375000018261
206 375000018261
207 375000018261
208 375000018261
209 375000018261
210 375000018261
211 375000018261
212 375000018261
213 375000018261
214 375000018261
215 375000018261
216 375000018261
217 375000018261
218 375000018261
219 375000018261
220 375000018261
221 375000018261
222 375000018261
223 375000018261
224 375000018261
225 375000018261
226 375000018261
227 375014097941
228 375014097941
229 375014097941
230 375048248469
231 375048248469
232 375048248469
233 375048248469
234 375048248469
235 375048248469
236 375048248469
237 375048248469
238 375048248469
239 375048248469
240 375048248469
241 375048248469
242 375048248469
243 375048248469
244 375048248469
245 375048248469
246 375061944597
247 375061944597
248 375061944597
249 375061944597
250 375061944597
251 375061944597
252 375061944597
253 375061944597
254 375061944597
255 375061944597
256 375061944597
257 375061944597
258 375061944597
259 375061944597
260 375061944597
261 375061944597
262 375061944597
263 375061944597
264 375061944597
265 375061944597
266 375061944597
267 375061944597
268 375061944597
269 375061944597
270 375061944597
271 375061944597
272 375061944597
273 375061944597
274 375061944597
275 375061944597
276 375061944597
277 375061944597
278 375061944597
279 375061944597
280 375061944597
281 375061944597
282 375061944597
283 375061944597
284 375061944597
285 375061944597
286 375080224021
287 375080224021
288 375080224021
289 375080224021
290 375080224021
291 375080224021
292 375080224021
293 375080224021
294 375080224021
295 375080224021
296 375080224021
297 375080224021
298 375080224021
299 375080224021
300 375080224021
301 375080224021
302 375080224021
303 375080224021
304 375080224021
305 375080224021
306 375080224021
307 375080224021
308 375080224021
309 375080224021
310 375080224021
311 375080224021
312 375080224021
313 375080224021
314 375080224021
315 375080224021
316 375080224021
317 375080224021
318 375080224021
319 375080224021
320 375080224021
321 375080224021
322 375080224021
323 375080224021
324 375080224021
325 375080224021
326 375080224021
327 375080224021
328 375080224021
329 375080224021
330 375080224021
331 375080224021
332 375080224021
333 375080224021
334 375080224021
335 375080224021
336 375080224021
337 375080224021
338 375080224021
339 375080224021
340 375080224021
341 375080224021
342 375080224021
343 375080224021
344 375080224021
345 375080224021
346 375080224021
347 375080224021
348 375080224021
349 375080224021
350 375080224021
351 375080224021
352 375080224021
353 375080224021
354 375080224021
355 375201079253
356 375201079253
357 375201079253
358 375201079253
359 375201079253
360 375201079253
361 375201079253
362 375201079253
363 375201079253
364 375201079253
365 375201079253
366 375201079253
367 375201079253
368 375201079253
369 375201079253
370 375201079253
371 375201079253
372 375201079253
373 375201079253
374 375201079253
375 375201079253
376 375201079253
377 375201079253
378 375201079253
379 375201079253
380 375201079253
381 375201079253
382 375201079253
383 376184341525
384 376184341525
385 376184341525
386 376184341525
387 376184341525
388 376184341525
389 376184341525
390 376184341525
391 376184341525
392 376184341525
393 376184341525
394 376184341525
395 376184341525
396 376184341525
397 376184341525
398 376184341525
399 376184341525
400 376184341525
401 376184341525
402 376184341525
403 376184341525
404 376184341525
405 376184341525
406 376184341525
407 376184341525
408 376184341525
409 376184341525
410 376184341525
411 376184341525
412 376184341525
413 376184341525
414 376184341525
415 376184341525
416 376184341525
417 398980578261
418 398980578261
419 398980578261
420 400474139157
421 400474139157
422 400474139157
423 419226386869
424 419226386869
425 419226386869
426 428402139925
427 428402139925
428 428402139925
429 438683796245
430 438683796245
431 438683796245
432 440325972821
433 440325972821
434 440325972821
435 460945467829
436 460945467829
437 460945467829
438 471033134261
439 471033134261
440 471033134261
441 471033134261
442 494936757589
443 494936757589
444 494936757589
445 494936757589
446 494936757589
447 494936757589
