1 875000000005
2 875000000021
3 875000000021
4 875000000021
5 875000000021
6 875000000021
7 875000000021
8 875000000021
9 875000000021
10 875000000021
11 875000000021
12 875000000021
13 875000000021
14 875000000021
15 875000000021
16 875000000661
17 875000000661
18 875000000661
19 875000000661
20 875000000661
21 875000000661
22 875000000661
23 875000000661
24 875000000661
25 875000000661
26 875000000661
27 875000000661
28 875000001717
29 875000001717
30 875000001717
31 875000001717
32 875000001717
33 875000001717
34 875000001717
35 875000001717
36 875000001717
37 875000001717
38 875000001717
39 875000001717
40 875000001717
41 875000001717
42 875000001717
43 875000001717
44 875000001717
45 875000001717
46 875000001717
47 875000001717
48 875000001717
49 875000001717
50 875000001717
51 875000001717
52 875000001717
53 875000001717
54 875000001717
55 875000001717
56 875000001717
57 875000001717
58 875000001717
59 875000001717
60 875000001717
61 875000001717
62 875000001717
63 875000001717
64 875000001717
65 875000001717
66 875000001717
67 875000001717
68 875000001717
69 875000001717
70 875000001717
71 875000001717
72 875000001717
73 875000001717
74 875000001717
75 875000001717
76 875000001717
77 875000001717
78 875000001717
79 875000001717
80 875000001717
81 875000001717
82 875000001717
83 875000001717
84 875000001717
85 875000001717
86 875000001717
87 875000001717
88 875000001717
89 875000001717
90 875000001717
91 875000001717
92 875000001717
93 875000001717
94 875000001717
95 875000001717
96 875000001717
97 875000001717
98 875000001717
99 875000001717
100 875000001717
101 875000001717
102 875000001717
103 875000001717
104 875000001717
105 875000001717
106 875000001717
107 875000001717
108 875000001717
109 875000001717
110 875000001717
111 875000001717
112 875000001717
113 875000001717
114 875000001717
115 875000001717
116 875000001717
117 875000001717
118 875000001717
119 875000001717
120 875000001717
121 875000001717
122 875000001717
123 875000001717
124 875000001717
125 875000001717
126 875000001717
127 875000001717
128 875000001717
129 875000001717
130 875000001717
131 875000001717
132 875000001717
133 875000001717
134 875000001717
135 875000001717
136 875000001717
137 875000001717
138 875000001717
139 875000010005
140 875000010005
141 875000010005
142 875000010005
143 875000010005
144 875000010005
145 875000010005
146 875000010005
147 875000010005
148 875000010005
149 875000010005
150 875000010005
151 875000010005
152 875000010005
153 875000010005
154 875000010005
155 875000010005
156 875000010005
157 875000010005
158 875000010005
159 875000010005
160 875000010005
161 875000010005
162 875000010005
163 875000010005
164 875000010005
165 875000010005
166 875000010005
167 875000010005
168 875000010005
169 875000010005
170 875000010005
171 875000010005
172 875000010005
173 875000010005
174 875000010005
175 875000010005
176 875000010005
177 875000010005
178 875000010005
179 875000054293
180 875000054293
181 875000054293
182 875000054293
183 875000054293
184 875000054293
185 875000054293
186 875000054293
187 875000054293
188 875000054293
189 875000054293
190 875000054293
191 875000054293
192 875000054293
193 875000054293
194 875000054293
195 875000054293
196 875000054293
197 875000054293
198 875000054293
199 875000054293
200 875000054293
201 875000147349
202 875000147349
203 875000147349
204 875000147349
205 875000147349
206 875000147349
207 875000147349
208 875000147349
209 875000147349
210 875000147349
211 875000147349
212 875000147349
213 875000147349
214 875000147349
215 875000147349
216 875000147349
217 875000147349
218 875000147349
219 875000147349
220 875000147349
221 875000147349
222 875000147349
223 875000147349
224 875000147349
225 875000147349
226 875000147349
227 875000147349
228 875000147349
229 875000147349
230 875000147349
231 875000147349
232 875000147349
233 875000147349
234 875000147349
235 875000147349
236 875000147349
237 875000147349
238 875000147349
239 875000147349
240 875000147349
241 875000147349
242 875000147349
243 875000147349
244 875000147349
245 875000147349
246 875000147349
247 875000147349
248 875000147349
249 875000147349
250 875000147349
251 875000147349
252 875000147349
253 875000147349
254 875000147349
255 875000147349
256 875000147349
257 875000147349
258 875000147349
259 875000147349
260 875000147349
261 875000147349
262 875000147349
263 875000147349
264 875000147349
265 875000147349
266 875043721749
267 875043721749
268 875043721749
269 875043721749
270 875043721749
271 875043721749
272 875043721749
273 875043721749
274 875043721749
275 875043721749
276 875043721749
277 875043721749
278 875043721749
279 875043721749
280 875043721749
281 875043721749
282 875043721749
283 875043721749
284 875043721749
285 875043721749
286 875043721749
287 875043721749
288 875043721749
289 875043721749
290 875043721749
291 875043721749
292 875043721749
293 875043721749
294 875043721749
295 875043721749
296 875043721749
297 875043721749
298 875043721749
299 875043721749
300 875043721749
301 875068664501
302 875068664501
303 875068664501
304 875068664501
305 875068664501
306 875068664501
307 875068664501
308 875068664501
309 875068664501
310 875068664501
311 875068664501
312 875068664501
313 875068664501
314 875068664501
315 875068664501
316 875068664501
317 875068664501
318 875068664501
319 875068664501
320 875068664501
321 875068664501
322 875068664501
323 875068664501
324 875068664501
325 875068664501
326 875068664501
327 875068664501
328 875068664501
329 875133191957
330 875133191957
331 875133191957
332 875133191957
333 875133191957
334 875133191957
335 875133191957
336 875133191957
337 875133191957
338 875133191957
339 875133191957
340 875133191957
341 875133191957
342 875133191957
343 875133191957
344 875133191957
345 875133191957
346 875133191957
347 875133191957
348 875133191957
349 875133191957
350 875133191957
351 875133191957
352 875133191957
353 875133191957
354 875133191957
355 875133191957
356 875133191957
357 875133191957
358 875133191957
359 875133191957
360 875133191957
361 875133191957
362 875133191957
363 875133191957
364 875133191957
365 875133191957
366 875133191957
367 875133191957
368 875133191957
369 875133191957
370 875133191957
371 875133191957
372 875133191957
373 875133191957
374 875133191957
375 875133191957
376 875871422645
377 875871422645
378 875871422645
379 875871422645
380 875871422645
381 875871422645
382 875871422645
383 875871422645
384 875871422645
385 875871422645
386 875871422645
387 875871422645
388 875871422645
389 875871422645
390 875871422645
391 875871422645
392 875871422645
393 875871422645
394 875871422645
395 875871422645
396 875871422645
397 875871422645
398 875871422645
399 875871422645
400 875871422645
401 875871422645
402 875871422645
403 875871422645
404 875871422645
405 875871422645
406 875871422645
407 875871422645
408 875871422645
409 875871422645
410 875871422645
411 877367587349
412 877367587349
413 877367587349
414 877367587349
415 877367587349
416 877367587349
417 877367587349
418 877367587349
419 877367587349
420 877367587349
421 877367587349
422 877367587349
423 877367587349
424 877367587349
425 877367587349
426 877367587349
427 877367587349
428 877367587349
429 877367587349
430 877367587349
431 877367587349
432 877367587349
433 877367587349
434 877367587349
435 889984563893
436 889984563893
437 889984563893
438 919986600373
439 919986600373
440 919986600373
441 919986600373
442 923430494741
443 923430494741
444 923430494741
445 945592826389
446 945592826389
447 945592826389
448 968287054229
449 968287054229
450 968287054229
451 991525943701
452 991525943701
453 991525943701
