1 500000000005
2 500000000013
3 500000000013
4 500000000013
5 500000000013
6 500000000021
7 500000000021
8 500000000021
9 500000000021
10 500000000021
11 500000000021
12 500000000021
13 500000000021
14 500000000237
15 500000000237
16 500000000237
17 500000000237
18 500000000237
19 500000000237
20 500000000237
21 500000000237
22 500000000237
23 500000000237
24 500000000237
25 500000000237
26 500000000237
27 500000000237
28 500000000237
29 500000000237
30 500000000237
31 500000000237
32 500000000237
33 500000000237
34 500000000237
35 500000000237
36 500000000237
37 500000000237
38 500000000237
39 500000000237
40 500000000237
41 500000000237
42 500000000237
43 500000000237
44 500000000237
45 500000000237
46 500000000237
47 500000000237
48 500000000237
49 500000000237
50 500000000237
51 500000000237
52 500000000237
53 500000000237
54 500000000237
55 500000000237
56 500000000237
57 500000000237
58 500000000237
59 500000000237
60 500000000237
61 500000000237
62 500000000237
63 500000000237
64 500000000237
65 500000000237
66 500000000237
67 500000000237
68 500000000237
69 500000000237
70 500000000237
71 500000000237
72 500000000237
73 500000000237
74 500000000237
75 500000000237
76 500000000237
77 500000000237
78 500000000237
79 500000000237
80 500000000237
81 500000000237
82 500000000237
83 500000000781
84 500000000781
85 500000000781
86 500000000781
87 500000000781
88 500000000781
89 500000000781
90 500000000781
91 500000000781
92 500000000781
93 500000000781
94 500000000781
95 500000000781
96 500000000781
97 500000000781
98 500000000781
99 500000000781
100 500000000781
101 500000000781
102 500000000781
103 500000000781
104 500000000781
105 500000000781
106 500000000781
107 500000000781
108 500000000781
109 500000000781
110 500000000781
111 500000000781
112 500000000781
113 500000000781
114 500000000781
115 500000000781
116 500000000781
117 500000000781
118 500000000781
119 500000000781
120 500000000781
121 500000000781
122 500000000781
123 500000001757
124 500000001757
125 500000001757
126 500000001757
127 500000001757
128 500000001757
129 500000001757
130 500000001757
131 500000001757
132 500000001757
133 500000001757
134 500000001757
135 500000001757
136 500000001757
137 500000001757
138 500000001757
139 500000001757
140 500000001757
141 500000001757
142 500000001757
143 500000001757
144 500000001757
145 500000001757
146 500000001757
147 500000001757
148 500000001757
149 500000001757
150 500000001757
151 500000001757
152 500000001757
153 500000001757
154 500000001757
155 500000001757
156 500000001757
157 500000001757
158 500000001757
159 500000001757
160 500000001757
161 500000001757
162 500000001757
163 500000001757
164 500000001757
165 500000001757
166 500000001757
167 500000001757
168 500000001757
169 500000001757
170 500000001757
171 500000001757
172 500000001757
173 500000001757
174 500000001757
175 500000001757
176 500000001757
177 500000001757
178 500000001757
179 500000001757
180 500000001757
181 500000001757
182 500000001757
183 500000001757
184 500000001757
185 500000001757
186 500001717213
187 500002614229
188 500002614229
189 500002614229
190 500002614229
191 500002614229
192 500002614229
193 500002614229
194 500002614229
195 500002614229
196 500002614229
197 500002614229
198 500002614229
199 500002614229
200 500002614229
201 500002614229
202 500002614229
203 500002614229
204 500002614229
205 500002614229
206 500002614229
207 500002614229
208 500002614229
209 500002614229
210 500002614229
211 500002614229
212 500002614229
213 500002614229
214 500002614229
215 500002614229
216 500002614229
217 500002614229
218 500002614229
219 500002614229
220 500002614229
221 500002614229
222 500002614229
223 500002614229
224 500002614229
225 500002614229
226 500002614229
227 500002614229
228 500002614229
229 500002614229
230 500002614229
231 500002614229
232 500002614229
233 500002614229
234 500002614229
235 500002614229
236 500002614229
237 500002614229
238 500002614229
239 500002614229
240 500002614229
241 500004551245
242 500004551245
243 500004551245
244 500004551245
245 500004551245
246 500004551245
247 500004551245
248 500004551245
249 500004551245
250 500004551245
251 500004551245
252 500004551245
253 500004551245
254 500004551245
255 500004551245
256 500004551245
257 500004551245
258 500004551245
259 500004551245
260 500004551245
261 500011184821
262 500011184821
263 500011184821
264 500011184821
265 500011184821
266 500011184821
267 500011184821
268 500011184821
269 500011184821
270 500011184821
271 500011184821
272 500011184821
273 500011184821
274 500011184821
275 500011184821
276 500011184821
277 500011184821
278 500011184821
279 500011184821
280 500011184821
281 500011184821
282 500011184821
283 500011184821
284 500011184821
285 500011184821
286 500011184821
287 500011184821
288 500011184821
289 500011184821
290 500011184821
291 500011184821
292 500011184821
293 500011184821
294 500011184821
295 500011184821
296 500011184821
297 500011184821
298 500011184821
299 500011184821
300 500011184821
301 500011184821
302 500011184821
303 500011184821
304 500011184821
305 500011184821
306 500011184821
307 500011184821
308 500011184821
309 500011184821
310 500011184821
311 500011184821
312 500011184821
313 500011184821
314 500011184821
315 500011184821
316 500011184821
317 500011184821
318 500011184821
319 500011184821
320 500011184821
321 500011184821
322 500011184821
323 500011184821
324 500011184821
325 500011184821
326 500011184821
327 500011184821
328 500011184821
329 500011184821
330 500011184821
331 500011184821
332 500011184821
333 500011184821
334 500011184821
335 500011184821
336 500273700813
337 500273700813
338 500273700813
339 500273700813
340 500273700813
341 500273700813
342 500273700813
343 500273700813
344 500273700813
345 500273700813
346 500273700813
347 500273700813
348 500273700813
349 500273700813
350 500273700813
351 500273700813
352 500273700813
353 500273700813
354 500273700813
355 500273700813
356 500273700813
357 500273700813
358 500273700813
359 500592645909
360 500592645909
361 500592645909
362 500592645909
363 500592645909
364 500592645909
365 500592645909
366 500592645909
367 500592645909
368 500592645909
369 500592645909
370 500592645909
371 500592645909
372 500592645909
373 500592645909
374 500592645909
375 500592645909
376 500592645909
377 500592645909
378 500592645909
379 500592645909
380 500592645909
381 500592645909
382 500592645909
383 500592645909
384 500592645909
385 500592645909
386 500592645909
387 500592645909
388 500592645909
389 500592645909
390 500592645909
391 500592645909
392 500592645909
393 500592645909
394 500592645909
395 500592645909
396 500592645909
397 500592645909
398 500592645909
399 500592645909
400 500592645909
401 500592645909
402 500592645909
403 500592645909
404 500592645909
405 500592645909
406 500592645909
407 500592645909
408 500592645909
409 500592645909
410 500592645909
411 500592645909
412 500592645909
413 500592645909
414 500592645909
415 500592645909
416 500592645909
417 500592645909
418 500592645909
419 500592645909
420 500592645909
421 500592645909
422 500592645909
423 512606869901
424 512606869901
425 512606869901
426 524909463701
427 524909463701
428 524909463701
429 537507290973
430 537507290973
431 537507290973
432 550407465997
433 550407465997
434 550407465997
435 574991618445
436 574991618445
437 574991618445
438 577144059157
439 577144059157
440 577144059157
441 577144059157
442 602922411861
443 602922411861
444 602922411861
445 618670636053
446 618670636053
447 618670636053
448 619703714813
449 619703714813
450 619703714813
