1 250000000005
2 250000000013
3 250000000013
4 250000000013
5 250000000013
6 250000000013
7 250000000013
8 250000000013
9 250000000013
10 250000000013
11 250000000013
12 250000000013
13 250000000021
14 250000000021
15 250000000021
16 250000000021
17 250000000021
18 250000000021
19 250000000021
20 250000000021
21 250000000021
22 250000000021
23 250000000021
24 250000000021
25 250000000021
26 250000000021
27 250000000021
28 250000000653
29 250000000653
30 250000000653
31 250000000653
32 250000000653
33 250000000653
34 250000000653
35 250000000653
36 250000000653
37 250000000653
38 250000000653
39 250000000653
40 250000000653
41 250000000653
42 250000000653
43 250000000653
44 250000000653
45 250000000653
46 250000000653
47 250000001805
48 250000001805
49 250000001805
50 250000001805
51 250000001805
52 250000001805
53 250000001805
54 250000001805
55 250000001805
56 250000001805
57 250000001805
58 250000001805
59 250000001805
60 250000001805
61 250000001805
62 250000001805
63 250000001805
64 250000001805
65 250000001805
66 250000001805
67 250000001805
68 250000001805
69 250000001805
70 250000001805
71 250000001805
72 250000001805
73 250000001805
74 250000001805
75 250000001805
76 250000001805
77 250000001805
78 250000001805
79 250000001805
80 250000001805
81 250000001805
82 250000001805
83 250000001805
84 250000001805
85 250000001805
86 250000001805
87 250000001805
88 250000001805
89 250000001805
90 250000001805
91 250000001805
92 250000001805
93 250000001805
94 250000001805
95 250000001805
96 250000001805
97 250000001805
98 250000001805
99 250000001805
100 250000001805
101 250000001805
102 250000001805
103 250000001805
104 250000001805
105 250000001805
106 250000001805
107 250000001805
108 250000001805
109 250000001805
110 250000001805
111 250000001805
112 250000001805
113 250000001805
114 250000001805
115 250000001805
116 250000001805
117 250000001805
118 250000001805
119 250000001805
120 250000001805
121 250000001805
122 250000002157
123 250000002157
124 250000002157
125 250000002157
126 250000002157
127 250000002157
128 250000002157
129 250000002157
130 250000002157
131 250000002157
132 250000002157
133 250000002157
134 250000002157
135 250000002157
136 250000002157
137 250000002157
138 250000002157
139 250000002157
140 250000002157
141 250000002157
142 250000002157
143 250000002157
144 250000002157
145 250000002157
146 250000002157
147 250000002157
148 250000002157
149 250000002157
150 250000002157
151 250000002157
152 250000002157
153 250000002157
154 250000002157
155 250000002157
156 250000002157
157 250000002157
158 250000002157
159 250000002157
160 250000002157
161 250000002157
162 250000002157
163 250000002157
164 250000002157
165 250000002157
166 250000002157
167 250000002157
168 250000002157
169 250000002157
170 250000002157
171 250000002157
172 250000002157
173 250000002157
174 250000002157
175 250000002157
176 250000002157
177 250000002157
178 250000002157
179 250000002157
180 250000002157
181 250000002157
182 250000002157
183 250000002157
184 250000139213
185 250000139213
186 250000139213
187 250000139213
188 250000139213
189 250000139213
190 250000139213
191 250000139213
192 250000139213
193 250000139213
194 250000139213
195 250000139213
196 250000139213
197 250000139213
198 250000139213
199 250000139213
200 250000139213
201 250000139213
202 250000139213
203 250000139213
204 250000139213
205 250000139213
206 250000139213
207 250000139213
208 250000139213
209 250000139213
210 250000139213
211 250000139213
212 250000139213
213 250000139213
214 250000139213
215 250000139213
216 250000139213
217 250000139213
218 250000139213
219 250000139213
220 250000139213
221 250000139213
222 250000139213
223 250000139213
224 250000139213
225 250000139213
226 250000139213
227 250000139213
228 250000139213
229 250000139213
230 250000139213
231 250001632405
232 250001632405
233 250001632405
234 250001632405
235 250001632405
236 250001632405
237 250001632405
238 250001632405
239 250001632405
240 250005660109
241 250005660109
242 250005660109
243 250005660109
244 250005660109
245 250005660109
246 250005660109
247 250005660109
248 250005660109
249 250005660109
250 250005660109
251 250005660109
252 250005660109
253 250005660109
254 250005660109
255 250005660109
256 250005660109
257 250005660109
258 250005660109
259 250005660109
260 250005660109
261 250005660109
262 250005660109
263 250005660109
264 250005660109
265 250005660109
266 250005660109
267 250005660109
268 250005660109
269 250005660109
270 250005660109
271 250005660109
272 250005660109
273 250005660109
274 250005660109
275 250005660109
276 250005660109
277 250005660109
278 250005660109
279 250005660109
280 250005660109
281 250005660109
282 250005660109
283 250005660109
284 250005660109
285 250005660109
286 250005660109
287 250005660109
288 250005660109
289 250005660109
290 250005660109
291 250005660109
292 250005660109
293 250005660109
294 250005660109
295 250005660109
296 250005660109
297 250005660109
298 250005660109
299 250005660109
300 250005660109
301 250005660109
302 250005660109
303 250005660109
304 250005660109
305 250005660109
306 250005660109
307 250005660109
308 250005660109
309 250005660109
310 250005660109
311 250005660109
312 250005660109
313 250005660109
314 250005660109
315 250005660109
316 250005660109
317 250005660109
318 250005660109
319 250005660109
320 250005660109
321 250005660109
322 250005660109
323 250005660109
324 250005660109
325 250005660109
326 250005660109
327 250005660109
328 250005660109
329 250005660109
330 250005660109
331 250005660109
332 250005660109
333 250296322957
334 250296322957
335 250296322957
336 250296322957
337 250296322957
338 250296322957
339 250296322957
340 250296322957
341 250296322957
342 250296322957
343 250296322957
344 250296322957
345 250296322957
346 250296322957
347 250296322957
348 250296322957
349 250296322957
350 250296322957
351 250296322957
352 250296322957
353 250296322957
354 250296322957
355 250296322957
356 250296322957
357 250296322957
358 250296322957
359 250296322957
360 250296322957
361 250296322957
362 250296322957
363 250296322957
364 250296322957
365 250296322957
366 250296322957
367 250296322957
368 250296322957
369 250296322957
370 250296322957
371 250296322957
372 250296322957
373 250296322957
374 250296322957
375 250296322957
376 250296322957
377 250296322957
378 250296322957
379 250296322957
380 250296322957
381 250296322957
382 250296322957
383 250296322957
384 250296322957
385 250296322957
386 250296322957
387 250296322957
388 250296322957
389 250296322957
390 250296322957
391 250296322957
392 250296322957
393 250296322957
394 250296322957
395 250296322957
396 250296322957
397 250296322957
398 250296322957
399 250296322957
400 250296322957
401 250296322957
402 250296322957
403 250296322957
404 250296322957
405 250296322957
406 250296322957
407 250296322957
408 250296322957
409 250296322957
410 250296322957
411 250296322957
412 250296322957
413 250296322957
414 250296322957
415 250296322957
416 250296322957
417 250296322957
418 250296322957
419 250296322957
420 256303434709
421 256303434709
422 256303434709
423 268305619021
424 268305619021
425 268305619021
426 274744202517
427 274744202517
428 274744202517
429 281338974189
430 281338974189
431 281338974189
432 295005296221
433 295005296221
434 295005296221
435 295005296221
436 295005296221
437 295005296221
438 309335473493
439 309335473493
440 309335473493
441 309335473493
442 309335473493
443 309335473493
444 309335473493
