1 125000000005
2 125000000021
3 125000000021
4 125000000021
5 125000000021
6 125000000021
7 125000000021
8 125000000021
9 125000000021
10 125000000021
11 125000000021
12 125000000021
13 125000000021
14 125000000021
15 125000000021
16 125000000021
17 125000000021
18 125000000021
19 125000000021
20 125000000021
21 125000000021
22 125000000021
23 125000000021
24 125000000277
25 125000000277
26 125000000277
27 125000000277
28 125000000277
29 125000000277
30 125000000277
31 125000000277
32 125000000277
33 125000000277
34 125000000277
35 125000000277
36 125000000277
37 125000000277
38 125000000277
39 125000000277
40 125000000277
41 125000000277
42 125000000277
43 125000000277
44 125000000277
45 125000000277
46 125000000277
47 125000000277
48 125000000277
49 125000000277
50 125000000277
51 125000000277
52 125000000277
53 125000000277
54 125000000277
55 125000000277
56 125000000277
57 125000000277
58 125000000277
59 125000000277
60 125000000277
61 125000000277
62 125000000277
63 125000000277
64 125000000277
65 125000000277
66 125000000277
67 125000000277
68 125000000277
69 125000000277
70 125000000277
71 125000000277
72 125000000277
73 125000000277
74 125000000277
75 125000000277
76 125000000277
77 125000000277
78 125000000277
79 125000000277
80 125000000277
81 125000000277
82 125000000277
83 125000000277
84 125000000277
85 125000000277
86 125000000277
87 125000000277
88 125000000277
89 125000000277
90 125000000277
91 125000000277
92 125000000277
93 125000000277
94 125000000277
95 125000000277
96 125000000277
97 125000000277
98 125000000277
99 125000000277
100 125000000277
101 125000000277
102 125000000277
103 125000000277
104 125000000277
105 125000000277
106 125000000277
107 125000000277
108 125000000277
109 125000000277
110 125000000277
111 125000000277
112 125000000277
113 125000000277
114 125000000277
115 125000000277
116 125000000277
117 125000000277
118 125000000277
119 125000000277
120 125000000277
121 125000000277
122 125000014997
123 125000014997
124 125000014997
125 125000014997
126 125000014997
127 125000014997
128 125000014997
129 125000014997
130 125000014997
131 125000014997
132 125000014997
133 125000014997
134 125000014997
135 125000014997
136 125000014997
137 125000014997
138 125000014997
139 125000014997
140 125000014997
141 125000014997
142 125000014997
143 125000014997
144 125000014997
145 125000014997
146 125000014997
147 125000014997
148 125000014997
149 125000014997
150 125000014997
151 125000014997
152 125000014997
153 125000014997
154 125000014997
155 125000014997
156 125000014997
157 125000014997
158 125000014997
159 125000014997
160 125000014997
161 125000014997
162 125000014997
163 125000014997
164 125000014997
165 125000014997
166 125000014997
167 125000014997
168 125000014997
169 125000014997
170 125000014997
171 125000014997
172 125000832021
173 125000832021
174 125000832021
175 125000832021
176 125000832021
177 125000832021
178 125000832021
179 125000832021
180 125000832021
181 125000832021
182 125000832021
183 125000832021
184 125000832021
185 125000832021
186 125000832021
187 125000832021
188 125000832021
189 125000832021
190 125000832021
191 125000832021
192 125000832021
193 125000832021
194 125000832021
195 125000832021
196 125000832021
197 125000832021
198 125000832021
199 125000832021
200 125000832021
201 125000832021
202 125000832021
203 125000832021
204 125000832021
205 125000832021
206 125000832021
207 125000832021
208 125000832021
209 125000832021
210 125000832021
211 125000832021
212 125000832021
213 125000832021
214 125000832021
215 125000832021
216 125000832021
217 125000832021
218 125000832021
219 125000832021
220 125000832021
221 125000832021
222 125000832021
223 125000832021
224 125002880085
225 125002880085
226 125002880085
227 125002880085
228 125002880085
229 125002880085
230 125002880085
231 125002880085
232 125002880085
233 125002880085
234 125002880085
235 125002880085
236 125002880085
237 125002880085
238 125002880085
239 125002880085
240 125002880085
241 125002880085
242 125002880085
243 125002880085
244 125002880085
245 125002880085
246 125002880085
247 125002880085
248 125002880085
249 125002880085
250 125002880085
251 125002880085
252 125002880085
253 125002880085
254 125002880085
255 125002880085
256 125002880085
257 125002880085
258 125002880085
259 125002880085
260 125002880085
261 125002880085
262 125002880085
263 125002880085
264 125002880085
265 125002880085
266 125002880085
267 125002880085
268 125002880085
269 125002880085
270 125002880085
271 125002880085
272 125002880085
273 125002880085
274 125002880085
275 125002880085
276 125002880085
277 125002880085
278 125002880085
279 125002880085
280 125002880085
281 125002880085
282 125002880085
283 125002880085
284 125002880085
285 125002880085
286 125002880085
287 125002880085
288 125002880085
289 125002880085
290 125002880085
291 125002880085
292 125002880085
293 125002880085
294 125002880085
295 125002880085
296 125002880085
297 125002880085
298 125002880085
299 125002880085
300 125002880085
301 125002880085
302 125002880085
303 125002880085
304 125002880085
305 125002880085
306 125002880085
307 125002880085
308 125002880085
309 125002880085
310 125002880085
311 125002880085
312 125002880085
313 125002880085
314 125002880085
315 125002880085
316 125002880085
317 125002880085
318 125002880085
319 125002880085
320 125002880085
321 125002880085
322 125002880085
323 125002880085
324 125002880085
325 125002880085
326 125002880085
327 125002880085
328 125002880085
329 125002880085
330 125681358613
331 125681358613
332 125681358613
333 125681358613
334 125681358613
335 125681358613
336 125681358613
337 125681358613
338 125681358613
339 125681358613
340 125681358613
341 125681358613
342 125681358613
343 125681358613
344 125681358613
345 125681358613
346 125681358613
347 125681358613
348 125681358613
349 125681358613
350 125681358613
351 125681358613
352 125681358613
353 125681358613
354 125681358613
355 125681358613
356 125681358613
357 125681358613
358 125681358613
359 125681358613
360 125681358613
361 126156000789
362 126156000789
363 126156000789
364 126156000789
365 126156000789
366 126156000789
367 126156000789
368 126156000789
369 126156000789
370 126156000789
371 126156000789
372 126156000789
373 126156000789
374 126156000789
375 126156000789
376 126156000789
377 126156000789
378 126156000789
379 126156000789
380 126156000789
381 126156000789
382 126156000789
383 126156000789
384 126156000789
385 126156000789
386 129184034325
387 129184034325
388 129184034325
389 130771478293
390 130771478293
391 130771478293
392 131008698197
393 131008698197
394 131008698197
395 131008698197
396 131008698197
397 131008698197
398 131008698197
399 131008698197
400 131008698197
401 131008698197
402 131008698197
403 131008698197
404 131008698197
405 131008698197
406 131008698197
407 131008698197
408 131008698197
409 131008698197
410 131008698197
411 131008698197
412 131008698197
413 131008698197
414 131008698197
415 131008698197
416 131008698197
417 131008698197
418 131008698197
419 131008698197
420 209613730325
421 209613730325
422 209613730325
