1 750000000005
2 750000000021
3 750000000021
4 750000000021
5 750000000021
6 750000000021
7 750000000021
8 750000000149
9 750000000149
10 750000000181
11 750000000181
12 750000000181
13 750000000181
14 750000000181
15 750000000181
16 750000000181
17 750000000181
18 750000000181
19 750000000181
20 750000000181
21 750000000181
22 750000000181
23 750000000181
24 750000000181
25 750000000181
26 750000000181
27 750000000181
28 750000000181
29 750000000181
30 750000000181
31 750000000181
32 750000000533
33 750000000533
34 750000000533
35 750000000533
36 750000000533
37 750000000533
38 750000000533
39 750000000533
40 750000000533
41 750000000533
42 750000000533
43 750000000533
44 750000000533
45 750000000533
46 750000000533
47 750000000533
48 750000000533
49 750000000533
50 750000000533
51 750000000533
52 750000000533
53 750000001333
54 750000001333
55 750000001333
56 750000001333
57 750000001333
58 750000001333
59 750000001333
60 750000001333
61 750000001333
62 750000001333
63 750000001333
64 750000001333
65 750000001333
66 750000001333
67 750000001333
68 750000001333
69 750000001333
70 750000001333
71 750000001333
72 750000001333
73 750000001333
74 750000001333
75 750000001333
76 750000001333
77 750000001333
78 750000001333
79 750000001333
80 750000001333
81 750000001333
82 750000001333
83 750000001333
84 750000001333
85 750000001333
86 750000001333
87 750000001333
88 750000001333
89 750000001333
90 750000001333
91 750000001333
92 750000001333
93 750000001333
94 750000001333
95 750000001333
96 750000001333
97 750000001333
98 750000001333
99 750000001333
100 750000001333
101 750000001333
102 750000001333
103 750000001333
104 750000001333
105 750000001333
106 750000001333
107 750000001333
108 750000001333
109 750000001333
110 750000001333
111 750000001333
112 750000001333
113 750000001333
114 750000001333
115 750000001333
116 750000001333
117 750000001333
118 750000001333
119 750000001333
120 750000001333
121 750000001333
122 750000001333
123 750000001333
124 750000001333
125 750000001333
126 750000001333
127 750000001333
128 750000001333
129 750000001333
130 750000001333
131 750000001333
132 750000001333
133 750000001333
134 750000001333
135 750000001333
136 750000001333
137 750000001333
138 750000001333
139 750000001333
140 750000001333
141 750000026709
142 750000026709
143 750000026709
144 750000026709
145 750000026709
146 750000026709
147 750000026709
148 750000026709
149 750000026709
150 750000026709
151 750000026709
152 750000026709
153 750000026709
154 750000026709
155 750000026709
156 750000026709
157 750000026709
158 750000026709
159 750000026709
160 750000026709
161 750000026709
162 750000026709
163 750000026709
164 750000026709
165 750000026709
166 750000026709
167 750000026709
168 750000026709
169 750000026709
170 750000026709
171 750000026709
172 750000026709
173 750000026709
174 750000026709
175 750000026709
176 750000026709
177 750000026709
178 750000026709
179 750000026709
180 750000026709
181 750000026709
182 750000026709
183 750000026709
184 750000026709
185 750000026709
186 750000026709
187 750000026709
188 750000026709
189 750000026709
190 750000026709
191 750000026709
192 750000026709
193 750000026709
194 750000026709
195 750000026709
196 750000026709
197 750000026709
198 750000026709
199 750000026709
200 750000026709
201 750000026709
202 750000026709
203 750000026709
204 750000026709
205 750000026709
206 750000026709
207 750000026709
208 750000026709
209 750000026709
210 750000026709
211 750000026709
212 750000026709
213 750000026709
214 750000026709
215 750000026709
216 750000026709
217 750000026709
218 750000026709
219 750000026709
220 750000026709
221 750000026709
222 750000026709
223 750000026709
224 750000026709
225 750000026709
226 750000026709
227 750000026709
228 750000026709
229 750000026709
230 750028193301
231 750031013173
232 750031013173
233 750039263317
234 750039263317
235 750039263317
236 750039263317
237 750039263317
238 750039263317
239 750039263317
240 750039263317
241 750039263317
242 750039263317
243 750039263317
244 750039263317
245 750039263317
246 750039263317
247 750039263317
248 750039263317
249 750039263317
250 750039263317
251 750039263317
252 750039263317
253 750039263317
254 750039263317
255 750039263317
256 750039263317
257 750039263317
258 750074438485
259 750074438485
260 750074438485
261 750074438485
262 750074438485
263 750074438485
264 750074438485
265 750074438485
266 750074438485
267 750074438485
268 750074438485
269 750074438485
270 750074438485
271 750074438485
272 750074438485
273 750074438485
274 750132312085
275 750132312085
276 750132312085
277 750132312085
278 750132312085
279 750132312085
280 750132312085
281 750132312085
282 750132312085
283 750132312085
284 750132312085
285 750132312085
286 750132312085
287 750132312085
288 750132312085
289 750132312085
290 750132312085
291 750132312085
292 750132312085
293 750132312085
294 750132312085
295 750132312085
296 750132312085
297 750132312085
298 750132312085
299 750132312085
300 750132312085
301 750132312085
302 750132312085
303 750132312085
304 750132312085
305 750132312085
306 750132312085
307 750132312085
308 750132312085
309 750132312085
310 750132312085
311 750132312085
312 750132312085
313 750132312085
314 750132312085
315 750132312085
316 750132312085
317 750132312085
318 750132312085
319 750132312085
320 750132312085
321 750132312085
322 750132312085
323 750152067605
324 750152067605
325 750152067605
326 750152067605
327 750152067605
328 750152067605
329 750152067605
330 750152067605
331 750152067605
332 750152067605
333 750152067605
334 750152067605
335 750152067605
336 750152067605
337 750152067605
338 750152067605
339 750152067605
340 750152067605
341 750152067605
342 750152067605
343 750152067605
344 750152067605
345 750152067605
346 750152067605
347 750152067605
348 750152067605
349 750152067605
350 750152067605
351 750152067605
352 750152067605
353 750152067605
354 750152067605
355 750152067605
356 750152067605
357 750152067605
358 750309775765
359 750309775765
360 750309775765
361 750402162101
362 750402162101
363 750402162101
364 750402162101
365 750402162101
366 750402162101
367 750402162101
368 750402162101
369 750402162101
370 750402162101
371 750402162101
372 750402162101
373 750402162101
374 750402162101
375 750402162101
376 750402162101
377 750402162101
378 750402162101
379 750402162101
380 750402162101
381 750402162101
382 750402162101
383 750402162101
384 750402162101
385 750402162101
386 751404832917
387 751404832917
388 751404832917
389 753846248213
390 753846248213
391 753846248213
392 753846248213
393 753846248213
394 753846248213
395 753846248213
396 753846248213
397 753846248213
398 753846248213
399 753846248213
400 753846248213
401 753846248213
402 753846248213
403 753846248213
404 753846248213
405 753846248213
406 753846248213
407 753846248213
408 753846248213
409 753846248213
410 753846248213
411 753846248213
412 753846248213
413 753846248213
414 753846248213
415 753846248213
416 753846248213
417 757412838069
418 757412838069
419 757412838069
420 773338295061
421 773338295061
422 773338295061
423 773338295061
424 773338295061
425 773338295061
426 773338295061
427 773338295061
428 773338295061
429 773338295061
430 773338295061
431 773338295061
432 773338295061
433 773338295061
434 773338295061
435 773338295061
436 773338295061
437 773338295061
438 773338295061
439 773338295061
440 773338295061
441 773338295061
442 773338295061
443 773338295061
444 773338295061
445 773338295061
446 773338295061
447 773338295061
448 848537873557
449 848537873557
450 848537873557
451 848537873557
452 848537873557
453 848537873557
454 848537873557
455 848537873557
456 848537873557
457 848537873557
458 848537873557
459 848537873557
