M1a  E(B,n) == 1 exactly whenever A[n]+1 <= B :  0 violations out of 216 cells
M1a' integer check: 0 mismatches

M1b  E(B,n) by lambda = n/B  (3x+1, complete scan of odd m < 2^B)
  B    n    lam        count       expected        E  regime
  8    4  0.500           26        26.0000   1.0000  vacuous
  8    5  0.625           19        19.0000   1.0000  vacuous
  8    6  0.750           19        16.0000   1.1875  mixed
  8    8  1.000           15        11.4688   1.3079  unique
  8   10  1.250           14         8.2578   1.6954  unique
  8   12  1.500           13         6.6719   1.9485  unique
  8   14  1.750           12         5.1516   2.3294  unique
  8   16  2.000           12         3.9573   3.0324  unique
  8   20  2.500            8         2.4645   3.2461  unique
  8   24  3.000            8         1.6818   4.7569  unique
  8   28  3.500            5         1.1204   4.4625  unique
  8   32  4.000            4         0.7587   5.2722  unique
  8   40  5.000            0         0.3822   0.0000  unique
  8   50  6.250            0         0.1701   0.0000  unique
  8   60  7.500            0         0.0788   0.0000  unique
  9    5  0.556           38        38.0000   1.0000  vacuous
  9    6  0.667           33        32.0000   1.0312  mixed
  9    8  0.889           26        22.9375   1.1335  unique
  9   10  1.111           21        16.5156   1.2715  unique
  9   12  1.333           18        13.3438   1.3489  unique
  9   14  1.556           15        10.3032   1.4559  unique
  9   16  1.778           14         7.9145   1.7689  unique
  9   20  2.222            9         4.9290   1.8259  unique
  9   24  2.667            9         3.3635   2.6758  unique
  9   28  3.111            5         2.2409   2.2312  unique
  9   32  3.556            4         1.5174   2.6361  unique
  9   40  4.444            0         0.7644   0.0000  unique
  9   50  5.556            0         0.3402   0.0000  unique
  9   60  6.667            0         0.1575   0.0000  unique
  9   70  7.778            0         0.0724   0.0000  unique
 10    5  0.500           76        76.0000   1.0000  vacuous
 10    6  0.600           64        64.0000   1.0000  vacuous
 10    8  0.800           47        45.8750   1.0245  mixed
 10   10  1.000           36        33.0312   1.0899  unique
 10   12  1.200           31        26.6875   1.1616  unique
 10   14  1.400           24        20.6063   1.1647  unique
 10   16  1.600           19        15.8291   1.2003  unique
 10   20  2.000           13         9.8580   1.3187  unique
 10   24  2.400           10         6.7270   1.4865  unique
 10   28  2.800            6         4.4818   1.3387  unique
 10   32  3.200            5         3.0348   1.6476  unique
 10   40  4.000            1         1.5289   0.6541  unique
 10   50  5.000            1         0.6803   1.4698  unique
 10   60  6.000            0         0.3150   0.0000  unique
 10   70  7.000            0         0.1448   0.0000  unique
 10   80  8.000            0         0.0715   0.0000  unique
 11    6  0.545          128       128.0000   1.0000  vacuous
 11    8  0.727           91        91.7500   0.9918  mixed
 11   10  0.909           69        66.0625   1.0445  unique
 11   12  1.091           56        53.3750   1.0492  unique
 11   14  1.273           42        41.2126   1.0191  unique
 11   16  1.455           30        31.6581   0.9476  unique
 11   20  1.818           22        19.7160   1.1158  unique
 11   24  2.182           16        13.4540   1.1892  unique
 11   28  2.545           11         8.9636   1.2272  unique
 11   32  2.909           10         6.0696   1.6476  unique
 11   40  3.636            4         3.0578   1.3081  unique
 11   50  4.545            2         1.3607   1.4698  unique
 11   60  5.455            0         0.6300   0.0000  unique
 11   70  6.364            0         0.2897   0.0000  unique
 11   80  7.273            0         0.1429   0.0000  unique
 12    6  0.500          256       256.0000   1.0000  vacuous
 12    8  0.667          185       183.5000   1.0082  mixed
 12   10  0.833          133       132.1250   1.0066  mixed
 12   12  1.000          101       106.7500   0.9461  unique
 12   14  1.167           81        82.4253   0.9827  unique
 12   16  1.333           60        63.3163   0.9476  unique
 12   20  1.667           42        39.4320   1.0651  unique
 12   24  2.000           30        26.9080   1.1149  unique
 12   28  2.333           17        17.9272   0.9483  unique
 12   32  2.667           12        12.1392   0.9885  unique
 12   40  3.333            5         6.1156   0.8176  unique
 12   50  4.167            2         2.7214   0.7349  unique
 12   60  5.000            0         1.2600   0.0000  unique
 12   70  5.833            0         0.5793   0.0000  unique
 12   80  6.667            0         0.2858   0.0000  unique
 12  100  8.333            0         0.0707   0.0000  unique
 13    8  0.615          367       367.0000   1.0000  vacuous
 13   10  0.769          262       264.2500   0.9915  mixed
 13   12  0.923          201       213.5000   0.9415  unique
 13   14  1.077          160       164.8506   0.9706  unique
 13   16  1.231          122       126.6326   0.9634  unique
 13   20  1.538           85        78.8641   1.0778  unique
 13   24  1.846           60        53.8161   1.1149  unique
 13   28  2.154           37        35.8544   1.0320  unique
 13   32  2.462           23        24.2784   0.9473  unique
 13   40  3.077           11        12.2312   0.8993  unique
 13   50  3.846            2         5.4428   0.3675  unique
 13   60  4.615            0         2.5200   0.0000  unique
 13   70  5.385            0         1.1587   0.0000  unique
 13   80  6.154            0         0.5716   0.0000  unique
 13  100  7.692            0         0.1414   0.0000  unique
 14    8  0.571          734       734.0000   1.0000  vacuous
 14   10  0.714          528       528.5000   0.9991  mixed
 14   12  0.857          407       427.0000   0.9532  mixed
 14   14  1.000          326       329.7012   0.9888  unique
 14   16  1.143          248       253.2651   0.9792  unique
 14   20  1.429          161       157.7281   1.0207  unique
 14   24  1.714          109       107.6322   1.0127  unique
 14   28  2.000           67        71.7087   0.9343  unique
 14   32  2.286           42        48.5568   0.8650  unique
 14   40  2.857           23        24.4624   0.9402  unique
 14   50  3.571            4        10.8855   0.3675  unique
 14   60  4.286            1         5.0400   0.1984  unique
 14   70  5.000            0         2.3173   0.0000  unique
 14   80  5.714            0         1.1432   0.0000  unique
 14  100  7.143            0         0.2828   0.0000  unique
 14  120  8.571            0         0.0762   0.0000  unique
 15    8  0.533         1468      1468.0000   1.0000  vacuous
 15   10  0.667         1058      1057.0000   1.0009  mixed
 15   12  0.800          833       854.0000   0.9754  mixed
 15   14  0.933          657       659.4023   0.9964  unique
 15   16  1.067          504       506.5303   0.9950  unique
 15   20  1.333          320       315.4563   1.0144  unique
 15   24  1.600          223       215.2643   1.0359  unique
 15   28  1.867          142       143.4175   0.9901  unique
 15   32  2.133           93        97.1137   0.9576  unique
 15   40  2.667           48        48.9248   0.9811  unique
 15   50  3.333            5        21.7710   0.2297  unique
 15   60  4.000            1        10.0800   0.0992  unique
 15   70  4.667            0         4.6347   0.0000  unique
 15   80  5.333            0         2.2865   0.0000  unique
 15  100  6.667            0         0.5655   0.0000  unique
 15  120  8.000            0         0.1525   0.0000  unique
 16    8  0.500         2936      2936.0000   1.0000  vacuous
 16   10  0.625         2114      2114.0000   1.0000  vacuous
 16   12  0.750         1676      1708.0000   0.9813  mixed
 16   14  0.875         1294      1318.8047   0.9812  mixed
 16   16  1.000          996      1013.0605   0.9832  unique
 16   20  1.250          633       630.9125   1.0033  unique
 16   24  1.500          436       430.5286   1.0127  unique
 16   28  1.750          279       286.8349   0.9727  unique
 16   32  2.000          192       194.2273   0.9885  unique
 16   40  2.500           96        97.8495   0.9811  unique
 16   50  3.125           17        43.5421   0.3904  unique
 16   60  3.750            9        20.1600   0.4464  unique
 16   70  4.375            7         9.2694   0.7552  unique
 16   80  5.000            2         4.5730   0.4374  unique
 16  100  6.250            0         1.1310   0.0000  unique
 16  120  7.500            0         0.3049   0.0000  unique
 16  140  8.750            0         0.0796   0.0000  unique
 17   10  0.588         4228      4228.0000   1.0000  vacuous
 17   12  0.706         3377      3416.0000   0.9886  mixed
 17   14  0.824         2598      2637.6094   0.9850  mixed
 17   16  0.941         1994      2026.1211   0.9841  unique
 17   20  1.176         1259      1261.8250   0.9978  unique
 17   24  1.412          847       861.0572   0.9837  unique
 17   28  1.647          545       573.6698   0.9500  unique
 17   32  1.882          383       388.4547   0.9860  unique
 17   40  2.353          187       195.6991   0.9555  unique
 17   50  2.941           60        87.0842   0.6890  unique
 17   60  3.529           29        40.3200   0.7192  unique
 17   70  4.118           12        18.5388   0.6473  unique
 17   80  4.706            2         9.1459   0.2187  unique
 17  100  5.882            0         2.2620   0.0000  unique
 17  120  7.059            0         0.6099   0.0000  unique
 17  140  8.235            0         0.1591   0.0000  unique
 18   10  0.556         8456      8456.0000   1.0000  vacuous
 18   12  0.667         6796      6832.0000   0.9947  mixed
 18   14  0.778         5250      5275.2188   0.9952  mixed
 18   16  0.889         4037      4052.2422   0.9962  mixed
 18   20  1.111         2537      2523.6501   1.0053  unique
 18   24  1.333         1676      1722.1145   0.9732  unique
 18   28  1.556         1102      1147.3397   0.9605  unique
 18   32  1.778          755       776.9094   0.9718  unique
 18   40  2.222          374       391.3981   0.9555  unique
 18   50  2.778          146       174.1684   0.8383  unique
 18   60  3.333           57        80.6400   0.7068  unique
 18   70  3.889           16        37.0775   0.4315  unique
 18   80  4.444            2        18.2919   0.1093  unique
 18  100  5.556            0         4.5240   0.0000  unique
 18  120  6.667            0         1.2198   0.0000  unique
 18  140  7.778            0         0.3182   0.0000  unique
 18  160  8.889            0         0.0903   0.0000  unique
 19   10  0.526        16912     16912.0000   1.0000  vacuous
 19   12  0.632        13648     13664.0000   0.9988  mixed
 19   14  0.737        10524     10550.4375   0.9975  mixed
 19   16  0.842         8109      8104.4844   1.0006  mixed
 19   20  1.053         5047      5047.3002   0.9999  unique
 19   24  1.263         3367      3444.2290   0.9776  unique
 19   28  1.474         2278      2294.6793   0.9927  unique
 19   32  1.684         1539      1553.8188   0.9905  unique
 19   40  2.105          782       782.7963   0.9990  unique
 19   50  2.632          328       348.3368   0.9416  unique
 19   60  3.158          134       161.2800   0.8309  unique
 19   70  3.684           40        74.1550   0.5394  unique
 19   80  4.211           17        36.5838   0.4647  unique
 19  100  5.263            5         9.0480   0.5526  unique
 19  120  6.316            0         2.4395   0.0000  unique
 19  140  7.368            0         0.6364   0.0000  unique
 19  160  8.421            0         0.1805   0.0000  unique
 19  180  9.474            0         0.0513   0.0000  unique
 20   10  0.500        33824     33824.0000   1.0000  vacuous
 20   12  0.600        27328     27328.0000   1.0000  vacuous
 20   14  0.700        21085     21100.8750   0.9992  mixed
 20   16  0.800        16220     16208.9688   1.0007  mixed
 20   20  1.000        10017     10094.6003   0.9923  unique
 20   24  1.200         6720      6888.4580   0.9755  unique
 20   28  1.400         4426      4589.3586   0.9644  unique
 20   32  1.600         2950      3107.6375   0.9493  unique
 20   40  2.000         1483      1565.5925   0.9472  unique
 20   50  2.500          647       696.6735   0.9287  unique
 20   60  3.000          277       322.5601   0.8588  unique
 20   70  3.500          106       148.3101   0.7147  unique
 20   80  4.000           50        73.1675   0.6834  unique
 20  100  5.000           14        18.0961   0.7736  unique
 20  120  6.000            0         4.8791   0.0000  unique
 20  140  7.000            0         1.2728   0.0000  unique
 20  160  8.000            0         0.3611   0.0000  unique
 20  180  9.000            0         0.1026   0.0000  unique
 21   12  0.571        54656     54656.0000   1.0000  vacuous
 21   14  0.667        42198     42201.7500   0.9999  mixed
 21   16  0.762        32349     32417.9375   0.9979  mixed
 21   20  0.952        20018     20189.2007   0.9915  unique
 21   24  1.143        13383     13776.9160   0.9714  unique
 21   28  1.333         8774      9178.7173   0.9559  unique
 21   32  1.524         5885      6215.2750   0.9469  unique
 21   40  1.905         2973      3131.1851   0.9495  unique
 21   50  2.381         1267      1393.3471   0.9093  unique
 21   60  2.857          559       645.1202   0.8665  unique
 21   70  3.333          233       296.6202   0.7855  unique
 21   80  3.810          121       146.3351   0.8269  unique
 21  100  4.762           35        36.1921   0.9671  unique
 21  120  5.714            4         9.7582   0.4099  unique
 21  140  6.667            1         2.5456   0.3928  unique
 21  160  7.619            0         0.7221   0.0000  unique
 21  180  8.571            0         0.2051   0.0000  unique
 21  200  9.524            0         0.0572   0.0000  unique
 22   12  0.545       109312    109312.0000   1.0000  vacuous
 22   14  0.636        84404     84403.5000   1.0000  mixed
 22   16  0.727        64848     64835.8750   1.0002  mixed
 22   20  0.909        40225     40378.4014   0.9962  mixed
 22   24  1.091        27113     27553.8320   0.9840  unique
 22   28  1.273        17935     18357.4346   0.9770  unique
 22   32  1.455        12139     12430.5500   0.9765  unique
 22   40  1.818         6102      6262.3701   0.9744  unique
 22   50  2.273         2604      2786.6942   0.9344  unique
 22   60  2.727         1152      1290.2404   0.8929  unique
 22   70  3.182          492       593.2404   0.8293  unique
 22   80  3.636          276       292.6701   0.9430  unique
 22  100  4.545           69        72.3842   0.9532  unique
 22  120  5.455            9        19.5164   0.4612  unique
 22  140  6.364            2         5.0912   0.3928  unique
 22  160  7.273            0         1.4443   0.0000  unique
 22  180  8.182            0         0.4103   0.0000  unique
 22  200  9.091            0         0.1144   0.0000  unique
 23   12  0.522       218624    218624.0000   1.0000  vacuous
 23   14  0.609       168807    168807.0000   1.0000  vacuous
 23   16  0.696       129927    129671.7500   1.0020  mixed
 23   20  0.870        80842     80756.8027   1.0011  mixed
 23   24  1.043        54835     55107.6639   0.9951  unique
 23   28  1.217        36431     36714.8692   0.9923  unique
 23   32  1.391        24674     24861.1000   0.9925  unique
 23   40  1.739        12366     12524.7402   0.9873  unique
 23   50  2.174         5406      5573.3884   0.9700  unique
 23   60  2.609         2420      2580.4808   0.9378  unique
 23   70  3.043         1066      1186.4807   0.8985  unique
 23   80  3.478          596       585.3403   1.0182  unique
 23  100  4.348          131       144.7684   0.9049  unique
 23  120  5.217           20        39.0328   0.5124  unique
 23  140  6.087            3        10.1824   0.2946  unique
 23  160  6.957            0         2.8885   0.0000  unique
 23  180  7.826            0         0.8205   0.0000  unique
 23  200  8.696            0         0.2289   0.0000  unique
 23  220  9.565            0         0.0681   0.0000  unique
 24   12  0.500       437248    437248.0000   1.0000  vacuous
 24   14  0.583       337614    337614.0000   1.0000  vacuous
 24   16  0.667       259555    259343.5000   1.0008  mixed
 24   20  0.833       161469    161513.6055   0.9997  mixed
 24   24  1.000       109814    110215.3278   0.9964  unique
 24   28  1.167        73014     73429.7384   0.9943  unique
 24   32  1.333        49219     49722.2001   0.9899  unique
 24   40  1.667        24736     25049.4804   0.9875  unique
 24   50  2.083        11006     11146.7767   0.9874  unique
 24   60  2.500         5016      5160.9616   0.9719  unique
 24   70  2.917         2287      2372.9615   0.9638  unique
 24   80  3.333         1240      1170.6806   1.0592  unique
 24  100  4.167          271       289.5369   0.9360  unique
 24  120  5.000           57        78.0655   0.7302  unique
 24  140  5.833            8        20.3649   0.3928  unique
 24  160  6.667            1         5.7771   0.1731  unique
 24  180  7.500            1         1.6411   0.6094  unique
 24  200  8.333            0         0.4577   0.0000  unique
 24  220  9.167            0         0.1361   0.0000  unique
 25   14  0.560       675228    675228.0000   1.0000  vacuous
 25   16  0.640       518525    518687.0000   0.9997  mixed
 25   20  0.800       322879    323027.2109   0.9995  mixed
 25   24  0.960       219619    220430.6556   0.9963  unique
 25   28  1.120       145904    146859.4768   0.9935  unique
 25   32  1.280        98335     99444.4001   0.9888  unique
 25   40  1.600        49900     50098.9609   0.9960  unique
 25   50  2.000        22191     22293.5535   0.9954  unique
 25   60  2.400        10245     10321.9232   0.9925  unique
 25   70  2.800         4788      4745.9230   1.0089  unique
 25   80  3.200         2502      2341.3611   1.0686  unique
 25  100  4.000          584       579.0738   1.0085  unique
 25  120  4.800          141       156.1311   0.9031  unique
 25  140  5.600           27        40.7298   0.6629  unique
 25  160  6.400            9        11.5541   0.7789  unique
 25  180  7.200            4         3.2821   1.2187  unique
 25  200  8.000            0         0.9155   0.0000  unique
 25  220  8.800            0         0.2723   0.0000  unique
 26   14  0.538      1350456   1350456.0000   1.0000  vacuous
 26   16  0.615      1037374   1037374.0000   1.0000  vacuous
 26   20  0.769       645909    646054.4219   0.9998  mixed
 26   24  0.923       439842    440861.3113   0.9977  mixed
 26   28  1.077       292659    293718.9535   0.9964  unique
 26   32  1.231       198019    198888.8002   0.9956  unique
 26   40  1.538       100533    100197.9218   1.0033  unique
 26   50  1.923        44676     44587.1070   1.0020  unique
 26   60  2.308        20635     20643.8464   0.9996  unique
 26   70  2.692         9691      9491.8459   1.0210  unique
 26   80  3.077         5009      4682.7222   1.0697  unique
 26  100  3.846         1194      1158.1476   1.0310  unique
 26  120  4.615          314       312.2621   1.0056  unique
 26  140  5.385           80        81.4595   0.9821  unique
 26  160  6.154           23        23.1083   0.9953  unique
 26  180  6.923            7         6.5642   1.0664  unique
 26  200  7.692            1         1.8310   0.5462  unique
 26  220  8.462            1         0.5445   1.8364  unique
 26  250  9.615            0         0.0887   0.0000  unique
 27   14  0.519      2700912   2700912.0000   1.0000  vacuous
 27   16  0.593      2074748   2074748.0000   1.0000  vacuous
 27   20  0.741      1292219   1292108.8438   1.0001  mixed
 27   24  0.889       880561    881722.6226   0.9987  mixed
 27   28  1.037       586396    587437.9070   0.9982  unique
 27   32  1.185       396969    397777.6004   0.9980  unique
 27   40  1.481       200726    200395.8435   1.0016  unique
 27   50  1.852        89165     89174.2140   0.9999  unique
 27   60  2.222        41195     41287.6928   0.9978  unique
 27   70  2.593        19199     18983.6919   1.0113  unique
 27   80  2.963         9818      9365.4445   1.0483  unique
 27  100  3.704         2373      2316.2951   1.0245  unique
 27  120  4.444          653       624.5242   1.0456  unique
 27  140  5.185          169       162.9191   1.0373  unique
 27  160  5.926           48        46.2166   1.0386  unique
 27  180  6.667           13        13.1284   0.9902  unique
 27  200  7.407            4         3.6619   1.0923  unique
 27  220  8.148            2         1.0891   1.8364  unique
 27  250  9.259            0         0.1774   0.0000  unique
 28   14  0.500      5401824   5401824.0000   1.0000  vacuous
 28   16  0.571      4149496   4149496.0000   1.0000  vacuous
 28   20  0.714      2584326   2584217.6875   1.0000  mixed
 28   24  0.857      1761919   1763445.2451   0.9991  mixed
 28   28  1.000      1173203   1174875.8140   0.9986  unique
 28   32  1.143       794269    795555.2008   0.9984  unique
 28   40  1.429       400614    400791.6870   0.9996  unique
 28   50  1.786       178374    178348.4280   1.0001  unique
 28   60  2.143        82455     82575.3855   0.9985  unique
 28   70  2.500        38216     37967.3838   1.0065  unique
 28   80  2.857        19110     18730.8889   1.0202  unique
 28  100  3.571         4664      4632.5903   1.0068  unique
 28  120  4.286         1316      1249.0485   1.0536  unique
 28  140  5.000          339       325.8381   1.0404  unique
 28  160  5.714          114        92.4332   1.2333  unique
 28  180  6.429           31        26.2569   1.1806  unique
 28  200  7.143           13         7.3239   1.7750  unique
 28  220  7.857            4         2.1781   1.8364  unique
 28  250  8.929            0         0.3547   0.0000  unique
 28  280 10.000            0         0.0572   0.0000  unique
 29   16  0.552      8298992   8298992.0000   1.0000  vacuous
 29   20  0.690      5168682   5168435.3750   1.0000  mixed
 29   24  0.828      3525872   3526890.4902   0.9997  mixed
 29   28  0.966      2349828   2349751.6281   1.0000  unique
 29   32  1.103      1590277   1591110.4017   0.9995  unique
 29   40  1.379       801583    801583.3741   1.0000  unique
 29   50  1.724       356751    356696.8560   1.0002  unique
 29   60  2.069       165131    165150.7711   0.9999  unique
 29   70  2.414        76492     75934.7675   1.0073  unique
 29   80  2.759        37840     37461.7778   1.0101  unique
 29  100  3.448         9248      9265.1805   0.9981  unique
 29  120  4.138         2542      2498.0969   1.0176  unique
 29  140  4.828          656       651.6763   1.0066  unique
 29  160  5.517          221       184.8663   1.1955  unique
 29  180  6.207           62        52.5137   1.1806  unique
 29  200  6.897           26        14.6477   1.7750  unique
 29  220  7.586            8         4.3562   1.8364  unique
 29  250  8.621            0         0.7094   0.0000  unique
 29  280  9.655            0         0.1145   0.0000  unique
 30   16  0.533     16597984  16597984.0000   1.0000  vacuous
 30   20  0.667     10337276  10336870.7500   1.0000  mixed
 30   24  0.800      7053878   7053780.9805   1.0000  mixed
 30   28  0.933      4700669   4699503.2561   1.0002  mixed
 30   32  1.067      3183143   3182220.8033   1.0003  unique
 30   40  1.333      1603975   1603166.7482   1.0005  unique
 30   50  1.667       713703    713393.7120   1.0004  unique
 30   60  2.000       330478    330301.5422   1.0005  unique
 30   70  2.333       152417    151869.5350   1.0036  unique
 30   80  2.667        75110     74923.5557   1.0025  unique
 30  100  3.333        18242     18530.3611   0.9844  unique
 30  120  4.000         4962      4996.1938   0.9932  unique
 30  140  4.667         1323      1303.3526   1.0151  unique
 30  160  5.333          416       369.7327   1.1251  unique
 30  180  6.000          117       105.0274   1.1140  unique
 30  200  6.667           40        29.2955   1.3654  unique
 30  220  7.333           10         8.7125   1.1478  unique
 30  250  8.333            0         1.4188   0.0000  unique
 30  280  9.333            0         0.2289   0.0000  unique
 31   16  0.516     33195968  33195968.0000   1.0000  vacuous
 31   20  0.645     20673550  20673741.5000   1.0000  mixed
 31   24  0.774     14107812  14107561.9609   1.0000  mixed
 31   28  0.903      9399714   9399006.5122   1.0001  mixed
 31   32  1.032      6365758   6364441.6067   1.0002  unique
 31   40  1.290      3206352   3206333.4964   1.0000  unique
 31   50  1.613      1427250   1426787.4240   1.0003  unique
 31   60  1.935       661115    660603.0844   1.0008  unique
 31   70  2.258       304314    303739.0701   1.0019  unique
 31   80  2.581       149599    149847.1114   0.9983  unique
 31  100  3.226        36388     37060.7221   0.9818  unique
 31  120  3.871         9879      9992.3876   0.9887  unique
 31  140  4.516         2643      2606.7051   1.0139  unique
 31  160  5.161          793       739.4654   1.0724  unique
 31  180  5.806          241       210.0549   1.1473  unique
 31  200  6.452           85        58.5909   1.4507  unique
 31  220  7.097           31        17.4250   1.7791  unique
 31  250  8.065            2         2.8377   0.7048  unique
 31  280  9.032            0         0.4579   0.0000  unique
 32   16  0.500     66391936  66391936.0000   1.0000  vacuous
 32   20  0.625     41347483  41347483.0000   1.0000  vacuous
 32   24  0.750     28215469  28215123.9219   1.0000  mixed
 32   28  0.875     18798231  18798013.0244   1.0000  mixed
 32   32  1.000     12732445  12728883.2133   1.0003  unique
 32   40  1.250      6412963   6412666.9927   1.0000  unique
 32   50  1.562      2852110   2853574.8480   0.9995  unique
 32   60  1.875      1321353   1321206.1688   1.0001  unique
 32   70  2.188       607723    607478.1402   1.0004  unique
 32   80  2.500       298970    299694.2228   0.9976  unique
 32  100  3.125        72804     74121.4443   0.9822  unique
 32  120  3.750        19950     19984.7753   0.9983  unique
 32  140  4.375         5235      5213.4102   1.0041  unique
 32  160  5.000         1489      1478.9307   1.0068  unique
 32  180  5.625          454       420.1097   1.0807  unique
 32  200  6.250          157       117.1818   1.3398  unique
 32  220  6.875           52        34.8500   1.4921  unique
 32  250  7.812            9         5.6753   1.5858  unique
 32  280  8.750            1         0.9158   1.0919  unique
