guard hits (overflow, would make depths lower bounds): 0

Per-bitlength occupancy.  ALL = full population, ROOT = chain roots only.
   n  lam@b   b        obs          exp       E     +-   Eroot  lg rmin
  10   0.91  11         33         33.0  0.9991 0.1740  0.9082     4.75
  10   0.83  12         64         66.1  0.9688 0.1230  1.0445     4.75
  10   0.77  13        129        132.1  0.9763 0.0870  1.0445     4.75
  10   0.71  14        266        264.2  1.0066 0.0615  1.0047     4.75
  10   0.67  15        530        528.5  1.0028 0.0435  0.9792     4.75
  10   0.62  16       1056       1057.0  0.9991 0.0308  1.0061     4.75
  10   0.59  17       2114       2114.0  1.0000 0.0217  1.0033     4.75
  10   0.56  18       4228       4228.0  1.0000 0.0154  0.9983     4.75
  10   0.53  19       8456       8456.0  1.0000 0.0109  1.0008     4.75
  10   0.50  20      16912      16912.0  1.0000 0.0077  0.9996     4.75
  10   0.48  21      33824      33824.0  1.0000 0.0054  1.0002     4.75
  10   0.45  22      67648      67648.0  1.0000 0.0038  0.9999     4.75
  10   0.43  23     135296     135296.0  1.0000 0.0027  1.0001     4.75
  10   0.42  24     270592     270592.0  1.0000 0.0019  1.0000     4.75
  10   0.40  25     541184     541184.0  1.0000 0.0014  1.0000     4.75
  10   0.38  26    1082368    1082368.0  1.0000 0.0010  1.0000     4.75
  10   0.37  27    2164736    2164736.0  1.0000 0.0007  1.0000     4.75
  10   0.36  28    4329472    4329472.0  1.0000 0.0005  1.0000     4.75
  10   0.34  29    8658944    8658944.0  1.0000 0.0003  1.0000     4.75
  10   0.33  30   17317888   17317888.0  1.0000 0.0002  1.0000     4.75
  10   0.32  31   34635776   34635776.0  1.0000 0.0002  1.0000     4.75
  10   0.31  32   69271552   69271552.0  1.0000 0.0001  1.0000     4.75

  14   1.17  12         39         41.2  0.9463 0.1558  1.0191     4.75
  14   1.08  13         79         82.4  0.9584 0.1101  0.9645     4.75
  14   1.00  14        166        164.9  1.0070 0.0779  0.9736     4.75
  14   0.93  15        331        329.7  1.0039 0.0551  0.9873     4.75
  14   0.88  16        637        659.4  0.9660 0.0389  0.9645     4.75
  14   0.82  17       1304       1318.8  0.9888 0.0275  1.0055     4.75
  14   0.78  18       2652       2637.6  1.0055 0.0195  1.0111     4.75
  14   0.74  19       5274       5275.2  0.9998 0.0138  1.0026     4.75
  14   0.70  20      10561      10550.4  1.0010 0.0097  0.9983     4.75
  14   0.67  21      21113      21100.9  1.0006 0.0069  1.0039     4.75
  14   0.64  22      42206      42201.8  1.0001 0.0049  1.0003     4.75
  14   0.61  23      84403      84403.5  1.0000 0.0034  1.0001     4.75
  14   0.58  24     168807     168807.0  1.0000 0.0024  0.9991     4.75
  14   0.56  25     337614     337614.0  1.0000 0.0017  1.0005     4.75
  14   0.54  26     675228     675228.0  1.0000 0.0012  0.9998     4.75
  14   0.52  27    1350456    1350456.0  1.0000 0.0009  1.0001     4.75
  14   0.50  28    2700912    2700912.0  1.0000 0.0006  0.9999     4.75
  14   0.48  29    5401824    5401824.0  1.0000 0.0004  1.0000     4.75
  14   0.47  30   10803648   10803648.0  1.0000 0.0003  1.0000     4.75
  14   0.45  31   21607296   21607296.0  1.0000 0.0002  1.0000     4.75
  14   0.44  32   43214592   43214592.0  1.0000 0.0002  1.0000     4.75

  20   1.54  13         43         39.4  1.0905 0.1592  1.1032     4.75
  20   1.43  14         76         78.9  0.9637 0.1126  0.9510     4.75
  20   1.33  15        159        157.7  1.0081 0.0796  0.9700     4.75
  20   1.25  16        313        315.5  0.9922 0.0563  0.9795     4.75
  20   1.18  17        626        630.9  0.9922 0.0398  1.0128     4.75
  20   1.11  18       1278       1261.8  1.0128 0.0282  1.0283     4.75
  20   1.05  19       2510       2523.7  0.9946 0.0199  0.9938     4.75
  20   1.00  20       4970       5047.3  0.9847 0.0141  0.9852     4.75
  20   0.95  21      10001      10094.6  0.9907 0.0100  0.9944     4.75
  20   0.91  22      20207      20189.2  1.0009 0.0070  1.0022     4.75
  20   0.87  23      40617      40378.4  1.0059 0.0050  1.0085     4.75
  20   0.83  24      80627      80756.8  0.9984 0.0035  0.9961     4.75
  20   0.80  25     161410     161513.6  0.9994 0.0025  0.9993     4.75
  20   0.77  26     323030     323027.2  1.0000 0.0018  1.0008     4.75
  20   0.74  27     646310     646054.4  1.0004 0.0012  1.0002     4.75
  20   0.71  28    1292107    1292108.8  1.0000 0.0009  1.0000     4.75
  20   0.69  29    2584356    2584217.7  1.0001 0.0006  1.0001     4.75
  20   0.67  30    5168594    5168435.4  1.0000 0.0004  1.0002     4.75
  20   0.65  31   10336274   10336870.8  0.9999 0.0003  0.9999     4.75
  20   0.62  32   20673933   20673741.5  1.0000 0.0002  1.0001     4.75

  24   1.85  13         30         26.9  1.1149 0.1928  1.2821     4.75
  24   1.71  14         49         53.8  0.9105 0.1363  0.8641     4.75
  24   1.60  15        114        107.6  1.0592 0.0964  1.0174     4.75
  24   1.50  16        213        215.3  0.9895 0.0682  0.9407     4.75
  24   1.41  17        411        430.5  0.9546 0.0482  0.9721     4.75
  24   1.33  18        829        861.1  0.9628 0.0341  0.9999     4.75
  24   1.26  19       1691       1722.1  0.9819 0.0241  0.9877     4.75
  24   1.20  20       3353       3444.2  0.9735 0.0170  0.9712     4.75
  24   1.14  21       6663       6888.5  0.9673 0.0120  0.9716     4.75
  24   1.09  22      13730      13776.9  0.9966 0.0085  1.0013     4.75
  24   1.04  23      27722      27553.8  1.0061 0.0060  1.0113     4.75
  24   1.00  24      54979      55107.7  0.9977 0.0043  0.9966     4.75
  24   0.96  25     109805     110215.3  0.9963 0.0030  0.9964     4.75
  24   0.92  26     220223     220430.7  0.9991 0.0021  1.0010     4.75
  24   0.89  27     440719     440861.3  0.9997 0.0015  1.0002     4.75
  24   0.86  28     881358     881722.6  0.9996 0.0011  0.9999     4.75
  24   0.83  29    1763953    1763445.2  1.0003 0.0008  1.0006     4.75
  24   0.80  30    3528006    3526890.5  1.0003 0.0005  1.0003     4.75
  24   0.77  31    7053934    7053781.0  1.0000 0.0004  0.9998     4.75
  24   0.75  32   14107657   14107562.0  1.0000 0.0003  1.0001     4.75

  28   2.00  14         30         35.9  0.8367 0.1670  0.7949     4.75
  28   1.87  15         75         71.7  1.0459 0.1181  1.0668     4.75
  28   1.75  16        137        143.4  0.9553 0.0835  0.8995     4.75
  28   1.65  17        266        286.8  0.9274 0.0590  0.9308     4.75
  28   1.56  18        557        573.7  0.9709 0.0418  0.9831     4.75
  28   1.47  19       1176       1147.3  1.0250 0.0295  1.0367     4.75
  28   1.40  20       2148       2294.7  0.9361 0.0209  0.9348     4.75
  28   1.33  21       4348       4589.4  0.9474 0.0148  0.9544     4.75
  28   1.27  22       9161       9178.7  0.9981 0.0104  1.0090     4.75
  28   1.22  23      18496      18357.4  1.0075 0.0074  1.0129     4.75
  28   1.17  24      36583      36714.9  0.9964 0.0052  0.9946     4.75
  28   1.12  25      72890      73429.7  0.9926 0.0037  0.9921     4.75
  28   1.08  26     146755     146859.5  0.9993 0.0026  1.0007     4.75
  28   1.04  27     293737     293719.0  1.0001 0.0018  1.0007     4.75
  28   1.00  28     586807     587437.9  0.9989 0.0013  0.9991     4.75
  28   0.97  29    1176625    1174875.8  1.0015 0.0009  1.0019     4.75
  28   0.93  30    2350841    2349751.6  1.0005 0.0007  1.0003     4.75
  28   0.90  31    4699045    4699503.3  0.9999 0.0005  0.9997     4.75
  28   0.88  32    9398517    9399006.5  0.9999 0.0003  0.9999     4.75

  32   2.13  15         51         48.6  1.0503 0.1435  1.0812     4.75
  32   2.00  16         99         97.1  1.0194 0.1015  0.9885     4.75
  32   1.88  17        191        194.2  0.9834 0.0718  0.9963     4.75
  32   1.78  18        372        388.5  0.9576 0.0507  0.9461     4.75
  32   1.68  19        784        776.9  1.0091 0.0359  1.0310     4.75
  32   1.60  20       1411       1553.8  0.9081 0.0254  0.9113     4.75
  32   1.52  21       2935       3107.6  0.9444 0.0179  0.9552     4.75
  32   1.45  22       6254       6215.3  1.0062 0.0127  1.0185     4.75
  32   1.39  23      12535      12430.6  1.0084 0.0090  1.0131     4.75
  32   1.33  24      24545      24861.1  0.9873 0.0063  0.9852     4.75
  32   1.28  25      49116      49722.2  0.9878 0.0045  0.9893     4.75
  32   1.23  26      99684      99444.4  1.0024 0.0032  1.0032     4.75
  32   1.19  27     198950     198888.8  1.0003 0.0022  0.9995     4.75
  32   1.14  28     397300     397777.6  0.9988 0.0016  0.9992     4.75
  32   1.10  29     796008     795555.2  1.0006 0.0011  1.0008     4.75
  32   1.07  30    1592866    1591110.4  1.0011 0.0008  1.0005     4.75
  32   1.03  31    3182615    3182220.8  1.0001 0.0006  0.9999     4.75
  32   1.00  32    6366687    6364441.6  1.0004 0.0004  1.0002     4.75

  40   2.50  16         48         48.9  0.9811 0.1430  0.9811     9.46
  40   2.35  17         91         97.8  0.9300 0.1011  0.9044     9.46
  40   2.22  18        187        195.7  0.9555 0.0715  0.9504     9.46
  40   2.11  19        408        391.4  1.0424 0.0505  1.0501     9.46
  40   2.00  20        701        782.8  0.8955 0.0357  0.8891     9.46
  40   1.90  21       1490       1565.6  0.9517 0.0253  0.9753     9.46
  40   1.82  22       3129       3131.2  0.9993 0.0179  1.0127     9.46
  40   1.74  23       6264       6262.4  1.0003 0.0126  1.0065     9.46
  40   1.67  24      12370      12524.7  0.9876 0.0089  0.9894     9.46
  40   1.60  25      25164      25049.5  1.0046 0.0063  0.9960     9.46
  40   1.54  26      50633      50099.0  1.0107 0.0045  1.0077     9.46
  40   1.48  27     100193     100197.9  1.0000 0.0032  0.9991     9.46
  40   1.43  28     199888     200395.8  0.9975 0.0022  0.9982     9.46
  40   1.38  29     400969     400791.7  1.0004 0.0016  1.0012     9.46
  40   1.33  30     802392     801583.4  1.0010 0.0011  1.0006     9.46
  40   1.29  31    1602377    1603166.7  0.9995 0.0008  0.9995     9.46
  40   1.25  32    3206611    3206333.5  1.0001 0.0006  0.9997     9.46

  50   2.94  17         43         43.5  0.9876 0.1515  1.0335     9.46
  50   2.78  18         86         87.1  0.9876 0.1072  0.9990     9.46
  50   2.63  19        182        174.2  1.0450 0.0758  1.0249     9.46
  50   2.50  20        319        348.3  0.9158 0.0536  0.9043     9.46
  50   2.38  21        620        696.7  0.8899 0.0379  0.9258     9.46
  50   2.27  22       1337       1393.3  0.9596 0.0268  0.9753     9.46
  50   2.17  23       2802       2786.7  1.0055 0.0189  1.0308     9.46
  50   2.08  24       5600       5573.4  1.0048 0.0134  1.0033     9.46
  50   2.00  25      11185      11146.8  1.0034 0.0095  0.9939     9.46
  50   1.92  26      22485      22293.6  1.0086 0.0067  1.0115     9.46
  50   1.85  27      44489      44587.1  0.9978 0.0047  0.9953     9.46
  50   1.79  28      89209      89174.2  1.0004 0.0033  0.9999     9.46
  50   1.72  29     178377     178348.4  1.0002 0.0024  0.9989     9.46
  50   1.67  30     356952     356696.9  1.0007 0.0017  1.0002     9.46
  50   1.61  31     713547     713393.7  1.0002 0.0012  0.9996     9.46
  50   1.56  32    1424860    1426787.4  0.9986 0.0008  0.9987     9.46

  60   3.33  18         28         40.3  0.6944 0.1575  0.7068    13.30
  60   3.16  19         77         80.6  0.9549 0.1114  1.0231    13.30
  60   3.00  20        143        161.3  0.8867 0.0787  0.9487    13.30
  60   2.86  21        282        322.6  0.8743 0.0557  0.8743    13.30
  60   2.73  22        593        645.1  0.9192 0.0394  0.9394    13.30
  60   2.61  23       1268       1290.2  0.9828 0.0278  1.0056    13.30
  60   2.50  24       2596       2580.5  1.0060 0.0197  1.0016    13.30
  60   2.40  25       5229       5161.0  1.0132 0.0139  1.0039    13.30
  60   2.31  26      10390      10321.9  1.0066 0.0098  1.0146    13.30
  60   2.22  27      20560      20643.8  0.9959 0.0070  0.9919    13.30
  60   2.14  28      41260      41287.7  0.9993 0.0049  0.9986    13.30
  60   2.07  29      82676      82575.4  1.0012 0.0035  0.9986    13.30
  60   2.00  30     165347     165150.8  1.0012 0.0025  0.9999    13.30
  60   1.94  31     330637     330301.5  1.0010 0.0017  1.0017    13.30
  60   1.88  32     660238     660603.1  0.9994 0.0012  0.9995    13.30

  70   3.68  19         24         37.1  0.6473 0.1642  0.8496    15.12
  70   3.50  20         66         74.2  0.8900 0.1161  0.9305    15.12
  70   3.33  21        127        148.3  0.8563 0.0821  0.8395    15.12
  70   3.18  22        259        296.6  0.8732 0.0581  0.8496    15.12
  70   3.04  23        574        593.2  0.9676 0.0411  0.9760    15.12
  70   2.92  24       1221       1186.5  1.0291 0.0290  1.0240    15.12
  70   2.80  25       2501       2373.0  1.0540 0.0205  1.0234    15.12
  70   2.69  26       4903       4745.9  1.0331 0.0145  1.0354    15.12
  70   2.59  27       9508       9491.8  1.0017 0.0103  0.9964    15.12
  70   2.50  28      19017      18983.7  1.0018 0.0073  1.0040    15.12
  70   2.41  29      38276      37967.4  1.0081 0.0051  1.0101    15.12
  70   2.33  30      75925      75934.8  0.9999 0.0036  1.0006    15.12
  70   2.26  31     151897     151869.5  1.0002 0.0026  1.0017    15.12
  70   2.19  32     303409     303739.1  0.9989 0.0018  0.9990    15.12

  80   4.00  20         33         36.6  0.9020 0.1653  0.9430    15.12
  80   3.81  21         71         73.2  0.9704 0.1169  0.8610    15.12
  80   3.64  22        155        146.3  1.0592 0.0827  1.0455    15.12
  80   3.48  23        320        292.7  1.0934 0.0585  1.0660    15.12
  80   3.33  24        644        585.3  1.1002 0.0413  1.0891    15.12
  80   3.20  25       1262       1170.7  1.0780 0.0292  1.0443    15.12
  80   3.08  26       2507       2341.4  1.0707 0.0207  1.0654    15.12
  80   2.96  27       4809       4682.7  1.0270 0.0146  1.0167    15.12
  80   2.86  28       9292       9365.4  0.9922 0.0103  0.9921    15.12
  80   2.76  29      18730      18730.9  1.0000 0.0073  1.0044    15.12
  80   2.67  30      37270      37461.8  0.9949 0.0052  0.9915    15.12
  80   2.58  31      74489      74923.6  0.9942 0.0037  0.9952    15.12
  80   2.50  32     149371     149847.1  0.9968 0.0026  0.9976    15.12

 100   4.55  22         34         36.2  0.9394 0.1662  0.7460    18.04
 100   4.35  23         62         72.4  0.8565 0.1175  0.8704    18.04
 100   4.17  24        140        144.8  0.9671 0.0831  0.9429    18.04
 100   4.00  25        313        289.5  1.0810 0.0588  1.0672    18.04
 100   3.85  26        610        579.1  1.0534 0.0416  1.0957    18.04
 100   3.70  27       1179       1158.1  1.0180 0.0294  1.0089    18.04
 100   3.57  28       2291       2316.3  0.9891 0.0208  0.9817    18.04
 100   3.45  29       4584       4632.6  0.9895 0.0147  0.9811    18.04
 100   3.33  30       8994       9265.2  0.9707 0.0104  0.9633    18.04
 100   3.23  31      18146      18530.4  0.9793 0.0073  0.9799    18.04
 100   3.12  32      36416      37060.7  0.9826 0.0052  0.9857    18.04

 120   5.00  24         37         39.0  0.9479 0.1601  0.9992    20.10
 120   4.80  25         84         78.1  1.0760 0.1132  1.1144    20.10
 120   4.62  26        173        156.1  1.1080 0.0800  1.0952    20.10
 120   4.44  27        339        312.3  1.0856 0.0566  1.0568    20.10
 120   4.29  28        663        624.5  1.0616 0.0400  0.9992    20.10
 120   4.14  29       1226       1249.0  0.9815 0.0283  0.9511    20.10
 120   4.00  30       2420       2498.1  0.9687 0.0200  0.9601    20.10
 120   3.87  31       4917       4996.2  0.9841 0.0141  0.9980    20.10
 120   3.75  32      10071       9992.4  1.0079 0.0100  1.0029    20.10

 140   5.38  26         53         40.7  1.3013 0.1567  1.2890    20.10
 140   5.19  27         89         81.5  1.0926 0.1108  1.1417    20.10
 140   5.00  28        170        162.9  1.0435 0.0783  0.9483    20.10
 140   4.83  29        317        325.8  0.9729 0.0554  1.0082    20.10
 140   4.67  30        667        651.7  1.0235 0.0392  1.0197    20.10
 140   4.52  31       1320       1303.4  1.0128 0.0277  1.0243    20.10
 140   4.38  32       2592       2606.7  0.9944 0.0196  0.9846    20.10

 160   5.71  28         66         46.2  1.4281 0.1471  1.0710    23.68
 160   5.52  29        107         92.4  1.1576 0.1040  1.1360    23.68
 160   5.33  30        195        184.9  1.0548 0.0735  1.0467    23.68
 160   5.16  31        377        369.7  1.0197 0.0520  1.0142    23.68
 160   5.00  32        696        739.5  0.9412 0.0368  0.9149    23.68

 180   6.21  29         31         26.3  1.1806 0.1952  1.1997    23.68
 180   6.00  30         55         52.5  1.0473 0.1380  1.0569    23.68
 180   5.81  31        124        105.0  1.1806 0.0976  1.1140    23.68
 180   5.62  32        213        210.1  1.0140 0.0690  0.9783    23.68

 200   6.45  31         45         29.3  1.5361 0.1848  1.6897    25.93
 200   6.25  32         72         58.6  1.2289 0.1306  1.0497    25.93

