5x-1 rare-side (anti-confinement) record ladder, COMPLETE scan of every
odd m < 2^32 = 4.295e9.  74 distinct holders, deepest N = 366.

    N       r_min(N)  mod 16    log2 r  log2(1/p_N)   Delta1
    1              5       5    2.3219       2.0000   0.3219
    2             13      13    3.7004       2.4150   1.2854
   13             21       5    4.3923       4.7880  -0.3957
   16             45      13    5.4919       5.1518   0.3400
   22             77      13    6.2668       5.7785   0.4883
   25            269      13    8.0715       6.0575   2.0139
   28            349      13    8.4471       6.3201   2.1270
   32            397      13    8.6330       6.6054   2.0276
   35            509      13    8.9915       6.8301   2.1615
   38           1205       5   10.2348       7.0493   3.1856
   47           3021      13   11.5608       7.6721   3.8887
   50           4061      13   11.9876       7.8695   4.1181
   60          10397      13   13.3439       8.4648   4.8791
   66          11773      13   13.5232       8.8108   4.7124
   69          18837       5   14.2013       8.9821   5.2192
   72          42589      13   15.3782       9.1517   6.2265
   75          50509      13   15.6243       9.3195   6.3047
   84          51733       5   15.6588       9.8122   5.8466
   87          53005      13   15.6938       9.9731   5.7207
   91          54285      13   15.7283      10.1566   5.5717
   94          69549      13   16.0857      10.3072   5.7786
   97          89037      13   16.4421      10.4586   5.9836
  100         142445      13   17.1200      10.6098   6.5103
  103         227661      13   17.7965      10.7604   7.0361
  106         233181      13   17.8311      10.9103   6.9207
  109         244461      13   17.8992      11.0595   6.8398
  115         250333      13   17.9335      11.3552   6.5782
  119         400533       5   18.6116      11.5242   7.0873
  122         512637      13   18.9676      11.6635   7.3041
  125        1025365       5   19.9677      11.8039   8.1638
  128        1478837       5   20.4960      11.9447   8.5513
  131        1803533      13   20.7824      12.0853   8.6971
  143        1846781      13   20.8166      12.6442   8.1724
  146        2030677       5   20.9535      12.7827   8.1708
  159        2180437       5   21.0562      13.3396   7.7166
  168        2232853       5   21.0905      13.7397   7.3507
  171        2341373      13   21.1589      13.8728   7.2862
  178        2397461       5   21.1931      14.1583   7.0348
  181        2455021      13   21.2273      14.2847   6.9426
  184        2514253      13   21.2617      14.4126   6.8491
  187        2574605      13   21.2959      14.5411   6.7548
  190        3295501      13   21.6521      14.6698   6.9822
  193        4218261       5   22.0082      14.7987   7.2095
  196        6749197      13   22.6863      14.9275   7.7588
  199        8638973      13   23.0424      15.0562   7.9862
  202        8846301      13   23.0766      15.1848   7.8919
  206        9058605      13   23.1109      15.3328   7.7780
  209       11595021      13   23.4670      15.4554   8.0116
  212       15562581       5   23.8916      15.5796   8.3119
  221       37658541      13   25.1665      15.9551   9.2114
  233       38709037      13   25.2062      16.4565   8.7497
  237       39090837       5   25.2203      16.6008   8.6195
  265       50036301      13   25.5765      17.7174   7.8591
  268       51237173       5   25.6107      17.8346   7.7761
  271       66361389      13   25.9838      17.9534   8.0304
  274       67954637      13   26.0181      18.0730   7.9451
  277       69584973      13   26.0523      18.1930   7.8593
  280       71255021      13   26.0865      18.3133   7.7732
  283       74716309       5   26.1549      18.4337   7.7212
  289      122415189       5   26.8672      18.6747   8.1925
  296      156691453      13   27.2234      18.9342   8.2891
  299      250706325       5   27.9014      19.0495   8.8519
  302      626765789      13   29.2234      19.1664  10.0569
  305      803913565      13   29.5825      19.2841  10.2984
  308      815268189      13   29.6027      19.4022  10.2005
  339      834834261       5   29.6369      20.5918   9.0451
  342      854870805       5   29.6711      20.7088   8.9623
  345      875387725      13   29.7053      20.8260   8.8793
  348      896397037      13   29.7396      20.9433   8.7963
  352      917911197      13   29.7738      21.0786   8.6952
  355     1174926333      13   30.1299      21.1909   8.9390
  358     1503904381      13   30.4861      21.3048   9.1812
  361     2406248029      13   31.1641      21.4196   9.7446
  364     3079998221      13   31.5203      21.5348   9.9855

holders with r_min(N) != 5 (mod 16): 53 of 74
the smallest counterexample is N=2, r_min=13 == 13 (mod 16)

independent exact recheck (pure-Python rare_depth):
  N=   1: depth(5) =    1  and no smaller odd m persists 1 steps: True
  N=   2: depth(13) =   12  and no smaller odd m persists 2 steps: True
  N=  13: depth(21) =   15  and no smaller odd m persists 13 steps: True
  N=  16: depth(45) =   21  and no smaller odd m persists 16 steps: True
  N=  22: depth(77) =   24  and no smaller odd m persists 22 steps: True
  N=  25: depth(269) =   27  and no smaller odd m persists 25 steps: True

Delta1 > 0 at 73 of 74 holders; least-squares slope = +0.0196 per unit N (published, on the sieved ladder: +0.0211)
