1 50000000003
2 50000000007
3 50000000007
4 50000000027
5 50000000027
6 50000000027
7 50000000027
8 50000000027
9 50000000027
10 50000000027
11 50000000031
12 50000000031
13 50000000031
14 50000000031
15 50000000031
16 50000000031
17 50000000031
18 50000000031
19 50000000031
20 50000000031
21 50000000031
22 50000000031
23 50000000031
24 50000000031
25 50000000031
26 50000000031
27 50000000159
28 50000000159
29 50000000159
30 50000000159
31 50000000159
32 50000000159
33 50000000159
34 50000000239
35 50000000239
36 50000000239
37 50000000239
38 50000000239
39 50000000239
40 50000000239
41 50000000239
42 50000000239
43 50000000239
44 50000000239
45 50000000239
46 50000000239
47 50000000239
48 50000000239
49 50000000239
50 50000000239
51 50000000239
52 50000000239
53 50000000239
54 50000000239
55 50000000239
56 50000000239
57 50000000239
58 50000000239
59 50000000239
60 50000000239
61 50000000239
62 50000000283
63 50000000283
64 50000000283
65 50000000283
66 50000000283
67 50000000283
68 50000000283
69 50000000283
70 50000000283
71 50000000283
72 50000000283
73 50000010911
74 50000010911
75 50000010911
76 50000010911
77 50000010911
78 50000010911
79 50000010911
80 50000010911
81 50000010911
82 50000010911
83 50000010911
84 50000053375
85 50000053375
86 50000053375
87 50000053375
88 50000053375
89 50000053375
90 50000053375
91 50000053375
92 50000053375
93 50000053375
94 50000053375
95 50000053375
96 50000053375
97 50000053375
98 50000124063
99 50000124063
100 50000124063
101 50000124063
102 50000124063
103 50000179359
104 50000271519
105 50000312943
106 50000312943
107 50000312943
108 50000312943
109 50000357823
110 50000357823
111 50000357823
112 50000357823
113 50000357823
114 50000357823
115 50000357823
116 50000357823
117 50000357823
118 50000357823
119 50000357823
120 50000357823
121 50000357823
122 50000357823
123 50000357823
124 50000357823
125 50000357823
126 50000357823
127 50000357823
128 50000357823
129 50000357823
130 50000357823
131 50000357823
132 50000357823
133 50000357823
134 50001817711
135 50001817711
136 50001817711
137 50001817711
138 50002757791
139 50002757791
140 50002757791
141 50002757791
142 50002757791
143 50002757791
144 50002757791
145 50003346459
146 50003346459
147 50003346459
148 50003346459
149 50003346459
150 50003346459
151 50003346459
152 50003346459
153 50003346459
154 50003346459
155 50003346459
156 50003346459
157 50003346459
158 50003346459
159 50004626367
160 50004626367
161 50005090047
162 50005090047
163 50005090047
164 50005430767
165 50005430767
166 50005430767
167 50005430767
168 50005430767
169 50005430767
170 50005430767
171 50005430767
172 50005430767
173 50005430767
174 50005430767
175 50005430767
176 50005430767
177 50005430767
178 50005430767
179 50005430767
180 50005430767
181 50005430767
182 50005430767
183 50005430767
184 50005430767
185 50005430767
186 50012889407
187 50012889407
188 50012889407
189 50012889407
190 50012889407
191 50012889407
192 50012889407
193 50012889407
194 50012889407
195 50012889407
196 50012889407
197 50012889407
198 50012889407
199 50012889407
200 50012889407
201 50012889407
202 50012889407
203 50012889407
204 50012889407
205 50012889407
206 50012889407
207 50012889407
208 50012889407
209 50012889407
210 50012889407
211 50012889407
212 50012889407
213 50012889407
214 50012889407
215 50012889407
216 50012889407
217 50012889407
218 50012889407
219 50012889407
220 50012889407
221 50012889407
222 50012889407
223 50012889407
224 50012889407
225 50012889407
226 50012889407
227 50012889407
228 50012889407
229 50012889407
230 50012889407
231 50012889407
232 50012889407
233 50012889407
234 50012889407
235 50012889407
236 50012889407
237 50012889407
238 50012889407
239 50012889407
240 50012889407
241 50012889407
242 50012889407
243 50012889407
244 50012889407
245 50012889407
246 50012889407
247 50012889407
248 50012889407
249 50012889407
250 50012889407
251 50173247487
252 50173247487
253 50173247487
254 50173247487
255 50173247487
256 50173247487
257 50173247487
258 50173247487
259 50173247487
260 50173247487
261 50173247487
262 50173247487
263 50173247487
264 50173247487
265 50173247487
266 50173247487
267 50173247487
268 50173247487
269 50173247487
270 50173247487
271 50173247487
272 50173247487
273 50173247487
274 50173247487
275 50173247487
276 50173247487
277 50173247487
278 50173247487
279 50173247487
280 50173247487
281 50173247487
282 50173247487
283 50173247487
284 50173247487
285 50173247487
286 50173247487
287 50173247487
288 50173247487
289 50173247487
