1 150000000003
2 150000000007
3 150000000007
4 150000000027
5 150000000027
6 150000000027
7 150000000027
8 150000000027
9 150000000027
10 150000000027
11 150000000027
12 150000000027
13 150000000103
14 150000000103
15 150000000103
16 150000000103
17 150000000127
18 150000000127
19 150000000127
20 150000000127
21 150000000127
22 150000000127
23 150000000127
24 150000000127
25 150000000127
26 150000000127
27 150000000127
28 150000000127
29 150000000127
30 150000000127
31 150000000127
32 150000000127
33 150000000127
34 150000000127
35 150000000127
36 150000000127
37 150000000127
38 150000000127
39 150000000127
40 150000000127
41 150000000127
42 150000000127
43 150000000127
44 150000000127
45 150000000127
46 150000000127
47 150000000127
48 150000000127
49 150000000447
50 150000000447
51 150000000447
52 150000000447
53 150000000447
54 150000000447
55 150000000447
56 150000000447
57 150000000447
58 150000000447
59 150000000447
60 150000000447
61 150000000447
62 150000000447
63 150000000447
64 150000000447
65 150000000447
66 150000000447
67 150000000447
68 150000009467
69 150000009467
70 150000009467
71 150000009467
72 150000009467
73 150000009467
74 150000015271
75 150000015271
76 150000015271
77 150000015271
78 150000015271
79 150000015271
80 150000015271
81 150000015271
82 150000015271
83 150000015271
84 150000015271
85 150000015271
86 150000015271
87 150000015271
88 150000015271
89 150000015271
90 150000015271
91 150000015271
92 150000015271
93 150000015271
94 150000015271
95 150000015271
96 150000015271
97 150000015271
98 150000015271
99 150000015271
100 150000015271
101 150000015271
102 150000015271
103 150000015271
104 150000015271
105 150000015271
106 150000015271
107 150000015271
108 150000015271
109 150000015271
110 150000015271
111 150000015271
112 150000015271
113 150000015271
114 150000015271
115 150000015271
116 150000250095
117 150000250095
118 150000250095
119 150000250095
120 150000250095
121 150000250095
122 150000250095
123 150000250095
124 150000250095
125 150000250095
126 150000250095
127 150000250095
128 150000250095
129 150000250095
130 150000250095
131 150000250095
132 150000250095
133 150000250095
134 150001308543
135 150001308543
136 150001308543
137 150001308543
138 150002462335
139 150002462335
140 150002462335
141 150002462335
142 150002462335
143 150002462335
144 150002462335
145 150002504703
146 150002504703
147 150002504703
148 150002504703
149 150002504703
150 150002504703
151 150002504703
152 150003417599
153 150003417599
154 150003417599
155 150003417599
156 150003417599
157 150003417599
158 150003417599
159 150003417599
160 150003417599
161 150003417599
162 150003417599
163 150003417599
164 150003417599
165 150003417599
166 150003417599
167 150003417599
168 150003417599
169 150003417599
170 150003417599
171 150003417599
172 150003417599
173 150003417599
174 150003417599
175 150003417599
176 150003417599
177 150003417599
178 150003417599
179 150003417599
180 150003417599
181 150003417599
182 150003417599
183 150003417599
184 150003417599
185 150003417599
186 150003417599
187 150003417599
188 150003417599
189 150035025615
190 150035025615
191 150035025615
192 150035025615
193 150035025615
194 150035025615
195 150035025615
196 150035025615
197 150035025615
198 150094226431
199 150094226431
200 150094226431
201 150094226431
202 150094226431
203 150094226431
204 150094226431
205 150094226431
206 150094226431
207 150094226431
208 150094226431
209 150094226431
210 150094226431
211 150119722087
212 150164453871
213 150164453871
214 150164453871
215 150164453871
216 150164453871
217 150164453871
218 150164453871
219 150164453871
220 150164453871
221 150164453871
222 150164453871
223 150164453871
224 150164453871
225 150164453871
226 150164453871
227 150164453871
228 150164453871
229 150164453871
230 150164453871
231 150164453871
232 150164453871
233 150164453871
234 150164453871
235 150164453871
236 150164453871
237 150164453871
238 150164453871
239 150164453871
240 150164453871
241 150164453871
242 150164453871
243 150164453871
244 150164453871
245 150164453871
246 150164453871
247 150164453871
248 150164453871
249 150164453871
250 150164453871
251 150164453871
252 150164453871
253 150164453871
254 150164453871
255 150164453871
256 150164453871
257 150164453871
258 150164453871
259 150164453871
260 150164453871
261 150164453871
262 150164453871
263 150164453871
264 150164453871
265 150164453871
266 150164453871
267 150164453871
268 150164453871
269 150164453871
270 150164453871
271 150164453871
272 150164453871
273 150164453871
274 150164453871
275 150164453871
276 150164453871
277 150164453871
278 150164453871
279 150164453871
280 150164453871
281 150164453871
282 150164453871
283 150164453871
284 150164453871
285 150164453871
286 150164453871
287 150164453871
288 150164453871
289 150164453871
290 150164453871
291 150164453871
292 150164453871
293 150164453871
294 150164453871
295 150164453871
296 150164453871
297 150164453871
298 150164453871
299 150164453871
300 150164453871
301 150164453871
302 150164453871
303 150164453871
304 150164453871
305 150164453871
306 150164453871
307 167975775103
308 167975775103
309 167975775103
310 167975775103
311 167975775103
312 167975775103
313 167975775103
314 167975775103
315 167975775103
316 167975775103
317 167975775103
318 167975775103
319 167975775103
320 167975775103
321 167975775103
322 167975775103
323 167975775103
324 167975775103
325 167975775103
