1 100000000003
2 100000000007
3 100000000007
4 100000000027
5 100000000027
6 100000000027
7 100000000027
8 100000000063
9 100000000063
10 100000000063
11 100000000111
12 100000000111
13 100000000111
14 100000000111
15 100000000111
16 100000000111
17 100000000111
18 100000000111
19 100000000111
20 100000000159
21 100000000159
22 100000000159
23 100000000159
24 100000000159
25 100000000159
26 100000000159
27 100000000159
28 100000000159
29 100000000159
30 100000000159
31 100000000159
32 100000000159
33 100000000479
34 100000000479
35 100000000479
36 100000000479
37 100000000479
38 100000000479
39 100000000479
40 100000000479
41 100000000479
42 100000000479
43 100000000479
44 100000000479
45 100000000479
46 100000000479
47 100000000479
48 100000000479
49 100000000479
50 100000000479
51 100000000479
52 100000000479
53 100000000479
54 100000000479
55 100000000479
56 100000000479
57 100000006311
58 100000006311
59 100000006311
60 100000006311
61 100000006311
62 100000006311
63 100000006311
64 100000006311
65 100000006311
66 100000006311
67 100000006311
68 100000006311
69 100000006311
70 100000006311
71 100000006311
72 100000006311
73 100000006311
74 100000006311
75 100000007615
76 100000007615
77 100000007615
78 100000007615
79 100000024167
80 100000024167
81 100000024167
82 100000024167
83 100000024167
84 100000024167
85 100000060831
86 100000060831
87 100000060831
88 100000060831
89 100000060831
90 100000060831
91 100000060831
92 100000060831
93 100000060831
94 100000060831
95 100000060831
96 100000060831
97 100000060831
98 100000060831
99 100000060831
100 100000060831
101 100000060831
102 100000060831
103 100000060831
104 100000136475
105 100000136475
106 100000136475
107 100000136475
108 100000136475
109 100000136475
110 100000136475
111 100000136475
112 100000136475
113 100000136475
114 100000136475
115 100000136475
116 100000136475
117 100000136475
118 100000136475
119 100000136475
120 100000136475
121 100000136475
122 100000136475
123 100000136475
124 100000136475
125 100000136475
126 100000136475
127 100000136475
128 100000212635
129 100000212635
130 100000212635
131 100000212635
132 100000212635
133 100000212635
134 100000212635
135 100000212635
136 100000212635
137 100000212635
138 100000212635
139 100000212635
140 100000212635
141 100000212635
142 100000212635
143 100000212635
144 100002032255
145 100002032255
146 100002032255
147 100002278399
148 100002278399
149 100002278399
150 100002278399
151 100002278399
152 100002278399
153 100002278399
154 100002278399
155 100002278399
156 100002278399
157 100002278399
158 100002278399
159 100002278399
160 100002278399
161 100002278399
162 100002278399
163 100002278399
164 100002278399
165 100002278399
166 100002278399
167 100002278399
168 100002278399
169 100002278399
170 100002278399
171 100002278399
172 100002278399
173 100002278399
174 100002278399
175 100002278399
176 100002278399
177 100002278399
178 100002278399
179 100002278399
180 100002278399
181 100002278399
182 100002278399
183 100002278399
184 100002278399
185 100002278399
186 100002278399
187 100002278399
188 100002278399
189 100002278399
190 100046030383
191 100046030383
192 100046030383
193 100046030383
194 100046030383
195 100046030383
196 100046030383
197 100046030383
198 100046030383
199 100046030383
200 100046030383
201 100117284287
202 100117284287
203 100117284287
204 100117284287
205 100117284287
206 100117284287
207 100137374823
208 100137374823
209 100137374823
210 100153940295
211 100153940295
212 100153940295
213 100153940295
214 100153940295
215 100153940295
216 100153940295
217 100153940295
218 100153940295
219 100153940295
220 100310505215
221 100310505215
222 100310505215
223 100310505215
224 100346494975
225 100346494975
226 100346494975
227 100346494975
228 100346494975
229 100346494975
230 100346494975
231 100346494975
232 100346494975
233 100346494975
234 100346494975
235 100346494975
236 100346494975
237 100346494975
238 100346494975
239 100346494975
240 100346494975
241 100346494975
242 100346494975
243 100346494975
244 100346494975
245 100346494975
246 100346494975
247 100346494975
248 100346494975
249 100346494975
250 100346494975
251 100346494975
252 100346494975
253 100346494975
254 100346494975
255 100346494975
256 100346494975
257 100346494975
258 100346494975
259 100346494975
260 100346494975
261 100346494975
262 100346494975
263 100346494975
264 100346494975
265 100346494975
266 100346494975
267 100346494975
268 100346494975
269 100346494975
270 100346494975
271 100346494975
272 100346494975
273 100346494975
274 100346494975
275 100346494975
276 100346494975
277 100346494975
278 100346494975
279 100346494975
280 100346494975
281 100346494975
282 100346494975
283 100346494975
284 100346494975
285 100346494975
286 100346494975
287 100346494975
288 100346494975
289 100346494975
