1 3
2 7
3 7
4 27
5 27
6 27
7 27
8 27
9 27
10 27
11 27
12 27
13 27
14 27
15 27
16 27
17 27
18 27
19 27
20 27
21 27
22 27
23 27
24 27
25 27
26 27
27 27
28 27
29 27
30 27
31 27
32 27
33 27
34 27
35 27
36 27
37 703
38 703
39 703
40 703
41 703
42 703
43 703
44 703
45 703
46 703
47 703
48 703
49 703
50 703
51 10087
52 10087
53 10087
54 10087
55 10087
56 10087
57 10087
58 10087
59 10087
60 10087
61 10087
62 10087
63 10087
64 10087
65 10087
66 35655
67 35655
68 35655
69 35655
70 35655
71 35655
72 35655
73 35655
74 35655
75 35655
76 35655
77 35655
78 35655
79 35655
80 35655
81 35655
82 35655
83 35655
84 35655
85 270271
86 270271
87 270271
88 270271
89 270271
90 270271
91 270271
92 270271
93 270271
94 270271
95 270271
96 270271
97 270271
98 270271
99 270271
100 270271
101 270271
102 270271
103 362343
104 381727
105 381727
106 381727
107 381727
108 381727
109 626331
110 626331
111 1027431
112 1027431
113 1027431
114 1027431
115 1126015
116 1126015
117 1126015
118 1126015
119 1126015
120 1126015
121 1126015
122 1126015
123 1126015
124 1126015
125 1126015
126 1126015
127 1126015
128 1126015
129 1126015
130 1126015
131 1126015
132 1126015
133 1126015
134 1126015
135 1126015
136 1126015
137 1126015
138 1126015
139 1126015
140 1126015
141 8088063
142 8088063
143 8088063
144 8088063
145 8088063
146 8088063
147 8088063
148 8088063
149 8088063
150 8088063
151 8088063
152 8088063
153 8088063
154 8088063
155 13421671
156 13421671
157 13421671
158 13421671
159 13421671
160 13421671
161 13421671
162 13421671
163 13421671
164 13421671
165 13421671
166 13421671
167 13421671
168 13421671
169 13421671
170 13421671
171 13421671
172 13421671
173 13421671
174 13421671
175 13421671
176 13421671
177 13421671
178 13421671
179 13421671
180 13421671
181 20638335
182 20638335
183 20638335
184 26716671
185 26716671
186 26716671
187 26716671
188 56924955
189 56924955
190 56924955
191 56924955
192 56924955
193 56924955
194 63728127
195 63728127
196 63728127
197 63728127
198 63728127
199 63728127
200 63728127
201 63728127
202 63728127
203 63728127
204 63728127
205 63728127
206 63728127
207 63728127
208 63728127
209 63728127
210 63728127
211 63728127
212 63728127
213 63728127
214 63728127
215 63728127
216 63728127
217 63728127
218 63728127
219 63728127
220 63728127
221 63728127
222 63728127
223 63728127
224 63728127
225 63728127
226 63728127
227 63728127
228 63728127
229 63728127
230 63728127
231 63728127
232 63728127
233 63728127
234 63728127
235 63728127
236 63728127
237 217740015
238 217740015
239 217740015
240 217740015
241 217740015
242 217740015
243 217740015
244 217740015
245 217740015
246 217740015
247 217740015
248 217740015
249 1200991791
250 1200991791
251 1827397567
252 1827397567
253 1827397567
254 1827397567
255 1827397567
256 1827397567
257 1827397567
258 1827397567
259 1827397567
260 1827397567
261 1827397567
262 1827397567
263 1827397567
264 1827397567
265 1827397567
266 1827397567
267 1827397567
268 1827397567
269 1827397567
270 1827397567
271 1827397567
272 1827397567
273 2788008987
274 2788008987
275 2788008987
276 2788008987
277 2788008987
278 2788008987
279 2788008987
280 2788008987
281 2788008987
282 12235060455
283 12235060455
284 12235060455
285 12235060455
286 12235060455
287 12235060455
288 12235060455
289 12235060455
290 12235060455
291 12235060455
292 12235060455
293 12235060455
294 12235060455
295 12235060455
296 12235060455
297 12235060455
298 12235060455
299 12235060455
300 12235060455
301 12235060455
302 12235060455
303 12235060455
304 12235060455
305 12235060455
306 12235060455
307 12235060455
308 12235060455
309 12235060455
310 12235060455
311 12235060455
312 12235060455
313 12235060455
314 12235060455
315 12235060455
316 12235060455
317 12235060455
318 12235060455
319 12235060455
320 12235060455
321 12235060455
322 12235060455
323 12235060455
324 12235060455
325 12235060455
326 12235060455
327 12235060455
328 12235060455
329 12235060455
330 12235060455
331 12235060455
332 12235060455
333 12235060455
334 12235060455
335 12235060455
336 12235060455
337 12235060455
338 12235060455
339 12235060455
340 12235060455
341 12235060455
342 12235060455
343 12235060455
344 12235060455
