1 175000000003
2 175000000007
3 175000000007
4 175000000027
5 175000000027
6 175000000027
7 175000000027
8 175000000027
9 175000000027
10 175000000027
11 175000000027
12 175000000027
13 175000000027
14 175000000027
15 175000000027
16 175000000027
17 175000000127
18 175000000127
19 175000000127
20 175000000127
21 175000000127
22 175000000127
23 175000000127
24 175000000127
25 175000000127
26 175000000127
27 175000000127
28 175000000127
29 175000000127
30 175000000127
31 175000000127
32 175000000127
33 175000000127
34 175000000127
35 175000000127
36 175000000127
37 175000000127
38 175000000127
39 175000001191
40 175000001191
41 175000001191
42 175000001191
43 175000001191
44 175000001191
45 175000001191
46 175000001191
47 175000001191
48 175000001191
49 175000001191
50 175000001191
51 175000001191
52 175000001191
53 175000001191
54 175000001191
55 175000001191
56 175000001191
57 175000001691
58 175000001691
59 175000001691
60 175000001691
61 175000001691
62 175000001691
63 175000001691
64 175000001691
65 175000001691
66 175000001691
67 175000001691
68 175000001691
69 175000001691
70 175000001691
71 175000001691
72 175000001691
73 175000001691
74 175000001691
75 175000001691
76 175000001691
77 175000001691
78 175000001691
79 175000001691
80 175000001691
81 175000010599
82 175000010599
83 175000010599
84 175000010599
85 175000010599
86 175000010599
87 175000010599
88 175000010599
89 175000010599
90 175000010599
91 175000058015
92 175000122599
93 175000122599
94 175000122599
95 175000122599
96 175000122599
97 175000122599
98 175000122599
99 175000122599
100 175000122599
101 175000122599
102 175000122599
103 175000122599
104 175000122599
105 175000122599
106 175000122599
107 175000122599
108 175000122599
109 175000122599
110 175000321135
111 175000321135
112 175000321135
113 175000321135
114 175000321135
115 175000321135
116 175000321135
117 175000321135
118 175000321135
119 175000321135
120 175000321135
121 175000321135
122 175000321135
123 175000321135
124 175000321135
125 175000321135
126 175000321135
127 175000321135
128 175000321135
129 175000321135
130 175000321135
131 175000321135
132 175000321135
133 175000321135
134 175000321135
135 175000321135
136 175000321135
137 175000321135
138 175000321135
139 175000321135
140 175000321135
141 175000321135
142 175000321135
143 175000321135
144 175000321135
145 175000321135
146 175000321135
147 175000321135
148 175000321135
149 175000321135
150 175000424447
151 175000424447
152 175000424447
153 175000424447
154 175000424447
155 175000424447
156 175000424447
157 175004171903
158 175004171903
159 175004171903
160 175004171903
161 175004171903
162 175004171903
163 175004171903
164 175004171903
165 175004171903
166 175004171903
167 175004171903
168 175004171903
169 175004171903
170 175004171903
171 175004171903
172 175004171903
173 175004171903
174 175004171903
175 175004171903
176 175004171903
177 175004171903
178 175004171903
179 175013790959
180 175013790959
181 175013790959
182 175013790959
183 175013790959
184 175013790959
185 175013790959
186 175013790959
187 175013790959
188 175013790959
189 175013790959
190 175013790959
191 175013790959
192 175013790959
193 175013790959
194 175013790959
195 175013790959
196 175013790959
197 175013790959
198 175040331167
199 175040331167
200 175040331167
201 175040331167
202 175040331167
203 175040331167
204 175040331167
205 175040331167
206 175047893951
207 175047893951
208 175047893951
209 175047893951
210 175047893951
211 175124316487
212 175124316487
213 175124316487
214 175124316487
215 175124316487
216 175124316487
217 175124316487
218 175124316487
219 175124316487
220 175124316487
221 175124316487
222 175124316487
223 175124316487
224 175124316487
225 175124316487
226 175124316487
227 175124316487
228 175124316487
229 175124316487
230 175124316487
231 175124316487
232 175124316487
233 175124316487
234 175885765791
235 175885765791
236 175885765791
237 175885765791
238 175885765791
239 175885765791
240 175885765791
241 175885765791
242 178371526427
243 180717613927
244 180717613927
245 180717613927
246 180717613927
247 180717613927
248 180717613927
249 180717613927
250 180717613927
251 180717613927
252 180717613927
253 180717613927
254 180717613927
255 180717613927
256 180717613927
257 180717613927
258 180717613927
259 180717613927
260 180717613927
261 180717613927
262 180717613927
263 180717613927
264 180717613927
265 180717613927
266 180717613927
267 180717613927
268 180717613927
269 180717613927
270 180717613927
271 180717613927
272 188890883743
273 188890883743
274 188890883743
275 188890883743
276 188890883743
277 188890883743
278 188890883743
279 188890883743
280 188890883743
281 188890883743
282 188890883743
283 188890883743
284 188890883743
285 188890883743
286 188890883743
287 188890883743
288 188890883743
289 188890883743
290 188890883743
291 188890883743
292 188890883743
293 188890883743
294 188972746991
295 188972746991
296 188972746991
297 188972746991
298 188972746991
299 188972746991
300 188972746991
301 188972746991
302 188972746991
303 188972746991
304 188972746991
305 188972746991
306 188972746991
307 188972746991
308 188972746991
309 188972746991
310 188972746991
311 188972746991
312 188972746991
313 188972746991
314 188972746991
315 188972746991
316 188972746991
317 188972746991
318 188972746991
319 188972746991
320 188972746991
321 188972746991
322 188972746991
323 188972746991
