1 125000000003
2 125000000007
3 125000000007
4 125000000027
5 125000000027
6 125000000027
7 125000000027
8 125000000047
9 125000000047
10 125000000047
11 125000000127
12 125000000127
13 125000000127
14 125000000127
15 125000000127
16 125000000127
17 125000000127
18 125000000127
19 125000000127
20 125000000127
21 125000000127
22 125000000127
23 125000000127
24 125000000127
25 125000000127
26 125000000127
27 125000000447
28 125000000447
29 125000000447
30 125000000447
31 125000000447
32 125000000447
33 125000000447
34 125000000447
35 125000000447
36 125000000447
37 125000000447
38 125000000447
39 125000000447
40 125000000447
41 125000000447
42 125000000447
43 125000000447
44 125000000447
45 125000000447
46 125000000447
47 125000000447
48 125000000447
49 125000000447
50 125000000447
51 125000002047
52 125000002047
53 125000002047
54 125000002047
55 125000002047
56 125000002047
57 125000002047
58 125000002047
59 125000002047
60 125000002047
61 125000006375
62 125000006375
63 125000006375
64 125000006375
65 125000006375
66 125000006375
67 125000006375
68 125000006375
69 125000006375
70 125000006375
71 125000006375
72 125000006375
73 125000010783
74 125000010783
75 125000010783
76 125000010783
77 125000010783
78 125000010783
79 125000010783
80 125000010783
81 125000010783
82 125000010783
83 125000010783
84 125000010783
85 125000010783
86 125000033535
87 125000033535
88 125000033535
89 125000033535
90 125000033535
91 125000033535
92 125000033535
93 125000033535
94 125000033535
95 125000033535
96 125000033535
97 125000033535
98 125000033535
99 125000033535
100 125000033535
101 125000033535
102 125000033535
103 125000033535
104 125000033535
105 125000033535
106 125000033535
107 125000033535
108 125000033535
109 125000033535
110 125000189951
111 125000189951
112 125000189951
113 125000189951
114 125000189951
115 125000189951
116 125000189951
117 125000189951
118 125000189951
119 125000189951
120 125000189951
121 125000189951
122 125000189951
123 125000189951
124 125000189951
125 125000189951
126 125000350079
127 125000350079
128 125000350079
129 125000350079
130 125000350079
131 125000350079
132 125000350079
133 125000350079
134 125000350079
135 125000350079
136 125000350079
137 125000350079
138 125000644991
139 125000644991
140 125000644991
141 125000644991
142 125000644991
143 125000644991
144 125000644991
145 125000644991
146 125000869887
147 125000869887
148 125000869887
149 125000869887
150 125000869887
151 125000869887
152 125000869887
153 125000869887
154 125000869887
155 125000869887
156 125000869887
157 125000869887
158 125000869887
159 125000869887
160 125000869887
161 125000869887
162 125000869887
163 125000869887
164 125000869887
165 125000869887
166 125000869887
167 125000869887
168 125000869887
169 125000869887
170 125007881775
171 125007881775
172 125007881775
173 125007881775
174 125007881775
175 125007881775
176 125007881775
177 125007881775
178 125007881775
179 125007881775
180 125007881775
181 125007881775
182 125007881775
183 125007881775
184 125007881775
185 125007881775
186 125007881775
187 125007881775
188 125007881775
189 125007881775
190 125007881775
191 125007881775
192 125014960487
193 125014960487
194 125014960487
195 125014960487
196 125014960487
197 125014960487
198 125014960487
199 125014960487
200 125014960487
201 125014960487
202 125014960487
203 125014960487
204 125014960487
205 125014960487
206 125014960487
207 125014960487
208 125014960487
209 125014960487
210 125014960487
211 125014960487
212 125014960487
213 125014960487
214 125014960487
215 125014960487
216 125050309887
217 125050309887
218 125050309887
219 125050309887
220 125116742719
221 125190582523
222 125190582523
223 125190582523
224 125190582523
225 125190582523
226 125190582523
227 125190582523
228 125190582523
229 125190582523
230 125246709147
231 125246709147
232 125291645607
233 125291645607
234 125291645607
235 125291645607
236 125291645607
237 125291645607
238 125291645607
239 125291645607
240 125291645607
241 125291645607
242 125291645607
243 125291645607
244 125291645607
245 125291645607
246 125291645607
247 125291645607
248 125291645607
249 125291645607
250 125291645607
251 125291645607
252 125291645607
253 125291645607
254 125291645607
255 125291645607
256 125291645607
257 125291645607
258 125291645607
259 125291645607
260 125291645607
261 125291645607
262 125291645607
263 125291645607
264 125291645607
265 125291645607
266 125291645607
267 125291645607
268 125291645607
269 125291645607
270 125291645607
271 125291645607
272 125291645607
273 125291645607
274 125291645607
275 125291645607
276 125291645607
277 125291645607
278 125291645607
279 125291645607
280 125291645607
281 125291645607
282 125291645607
283 125291645607
284 125291645607
285 125291645607
286 125291645607
287 125291645607
288 125291645607
289 125291645607
290 125291645607
291 125291645607
292 125291645607
293 125291645607
294 125291645607
295 125291645607
296 125291645607
297 125291645607
298 125981831327
299 125981831327
300 125981831327
301 125981831327
302 125981831327
303 125981831327
304 125981831327
305 125981831327
306 125981831327
307 125981831327
308 125981831327
309 125981831327
310 125981831327
311 125981831327
312 125981831327
313 125981831327
314 125981831327
315 125981831327
316 125981831327
317 125981831327
318 125981831327
319 125981831327
320 125981831327
321 125981831327
322 125981831327
323 125981831327
324 125981831327
325 125981831327
326 125981831327
327 125981831327
