1 25000000003
2 25000000007
3 25000000007
4 25000000027
5 25000000027
6 25000000027
7 25000000047
8 25000000047
9 25000000103
10 25000000103
11 25000000103
12 25000000103
13 25000000103
14 25000000103
15 25000000103
16 25000000103
17 25000000103
18 25000000103
19 25000000103
20 25000000103
21 25000000103
22 25000000103
23 25000000103
24 25000000103
25 25000000103
26 25000000103
27 25000000103
28 25000000103
29 25000000103
30 25000000103
31 25000000103
32 25000000103
33 25000000103
34 25000000103
35 25000000103
36 25000000103
37 25000000103
38 25000000103
39 25000000103
40 25000000103
41 25000000103
42 25000000103
43 25000000103
44 25000000103
45 25000000103
46 25000000103
47 25000000103
48 25000000103
49 25000001535
50 25000001535
51 25000001535
52 25000001535
53 25000001535
54 25000001535
55 25000001535
56 25000001535
57 25000001535
58 25000001535
59 25000001535
60 25000001535
61 25000001535
62 25000001535
63 25000001535
64 25000001535
65 25000001535
66 25000001535
67 25000001535
68 25000001535
69 25000001535
70 25000001535
71 25000006471
72 25000006471
73 25000006471
74 25000006471
75 25000006471
76 25000006471
77 25000027163
78 25000043455
79 25000043455
80 25000043455
81 25000043455
82 25000043455
83 25000043455
84 25000043455
85 25000043455
86 25000043455
87 25000043455
88 25000043455
89 25000043455
90 25000043455
91 25000043455
92 25000043455
93 25000043455
94 25000053063
95 25000053063
96 25000053063
97 25000053063
98 25000053063
99 25000162975
100 25000162975
101 25000162975
102 25000186695
103 25000186695
104 25000186695
105 25000186695
106 25000186695
107 25000186695
108 25000466079
109 25000560703
110 25000560703
111 25000560703
112 25000560703
113 25000560703
114 25000560703
115 25000560703
116 25000560703
117 25000560703
118 25000560703
119 25000560703
120 25000560703
121 25000560703
122 25000560703
123 25000560703
124 25000560703
125 25000560703
126 25000560703
127 25000560703
128 25000560703
129 25000560703
130 25000560703
131 25000560703
132 25000560703
133 25000871295
134 25000871295
135 25000871295
136 25000871295
137 25000871295
138 25000871295
139 25000871295
140 25000871295
141 25000871295
142 25000871295
143 25002118247
144 25002118247
145 25002118247
146 25002118247
147 25002118247
148 25002118247
149 25002118247
150 25002118247
151 25002118247
152 25002118247
153 25002118247
154 25002118247
155 25002118247
156 25002118247
157 25002118247
158 25002118247
159 25002118247
160 25002118247
161 25002898975
162 25002898975
163 25002898975
164 25002898975
165 25002898975
166 25002898975
167 25002898975
168 25002898975
169 25002898975
170 25002898975
171 25002898975
172 25002898975
173 25002898975
174 25002898975
175 25002898975
176 25002898975
177 25005981231
178 25005981231
179 25005981231
180 25005981231
181 25005981231
182 25005981231
183 25005981231
184 25005981231
185 25005981231
186 25005981231
187 25005981231
188 25005981231
189 25005981231
190 25005981231
191 25005981231
192 25005981231
193 25005981231
194 25005981231
195 25005981231
196 25005981231
197 25005981231
198 25005981231
199 25005981231
200 25005981231
201 25005981231
202 25005981231
203 25005981231
204 25005981231
205 25005981231
206 25005981231
207 25005981231
208 25005981231
209 25005981231
210 25005981231
211 25005981231
212 25005981231
213 25005981231
214 25005981231
215 25005981231
216 25006444703
217 25006444703
218 25006444703
219 25006444703
220 25006444703
221 25006444703
222 25006444703
223 25006444703
224 25006444703
225 25006444703
226 25006444703
227 25006444703
228 25006444703
229 25006444703
230 25006444703
231 25006444703
232 25006444703
233 25006444703
234 25006444703
235 25006444703
236 25006444703
237 25006444703
238 25006444703
239 25006444703
240 25006444703
241 25006444703
242 25006444703
243 25006444703
244 25006444703
245 25006444703
246 25006444703
247 25006444703
248 25006444703
249 25006444703
250 25006444703
251 25030929499
252 25030929499
253 25030929499
254 25030929499
255 25030929499
256 25030929499
257 25030929499
258 25030929499
259 25030929499
260 25030929499
261 25030929499
262 25030929499
263 25030929499
264 25030929499
265 25030929499
266 25030929499
267 25030929499
268 25030929499
269 25030929499
270 25030929499
271 25030929499
272 25030929499
273 25030929499
274 25030929499
275 25030929499
276 26130934783
277 26130934783
278 26130934783
279 26130934783
280 26130934783
281 26130934783
282 26130934783
283 26130934783
284 26130934783
285 26130934783
286 26130934783
287 26130934783
288 26130934783
289 26130934783
290 26130934783
291 26130934783
292 26130934783
293 26130934783
294 26130934783
295 26130934783
296 26130934783
297 26130934783
298 26130934783
299 26130934783
300 26130934783
301 26130934783
302 26130934783
303 26130934783
304 26130934783
305 26130934783
306 26130934783
307 26130934783
308 26130934783
309 26130934783
310 26130934783
311 26130934783
312 26130934783
313 26130934783
314 26130934783
315 26130934783
316 26130934783
317 26130934783
318 26130934783
319 26130934783
320 26130934783
321 26130934783
322 26130934783
323 26130934783
324 26130934783
325 26130934783
326 26130934783
327 26130934783
328 26130934783
329 26130934783
330 26130934783
331 26130934783
332 26130934783
333 26130934783
334 26130934783
