1 75000000003
2 75000000007
3 75000000007
4 75000000027
5 75000000027
6 75000000027
7 75000000027
8 75000000027
9 75000000027
10 75000000027
11 75000000127
12 75000000127
13 75000000127
14 75000000127
15 75000000127
16 75000000127
17 75000000127
18 75000000127
19 75000000127
20 75000000127
21 75000000127
22 75000000127
23 75000000127
24 75000000127
25 75000000127
26 75000000127
27 75000000127
28 75000000127
29 75000000127
30 75000000127
31 75000000127
32 75000000127
33 75000000127
34 75000000127
35 75000000127
36 75000000127
37 75000000127
38 75000000127
39 75000000127
40 75000000127
41 75000000127
42 75000000127
43 75000000359
44 75000000359
45 75000000359
46 75000000359
47 75000000359
48 75000000359
49 75000000359
50 75000000359
51 75000000359
52 75000000359
53 75000000359
54 75000000359
55 75000000359
56 75000004095
57 75000004095
58 75000004095
59 75000004095
60 75000004095
61 75000004095
62 75000004095
63 75000004095
64 75000004095
65 75000004095
66 75000004095
67 75000004095
68 75000004095
69 75000004095
70 75000004095
71 75000004095
72 75000004095
73 75000004095
74 75000004095
75 75000004095
76 75000004095
77 75000004095
78 75000004095
79 75000004095
80 75000004095
81 75000004095
82 75000004095
83 75000008175
84 75000008175
85 75000008175
86 75000008175
87 75000008175
88 75000008175
89 75000008175
90 75000014383
91 75000014383
92 75000014383
93 75000014383
94 75000014383
95 75000014383
96 75000014383
97 75000014383
98 75000014383
99 75000014383
100 75000014383
101 75000134143
102 75000134143
103 75000134143
104 75000134143
105 75000134143
106 75000134143
107 75000134143
108 75000134143
109 75000134143
110 75000134143
111 75000536735
112 75000536735
113 75000536735
114 75000536735
115 75000536735
116 75000536735
117 75000536735
118 75000536735
119 75000536735
120 75000536735
121 75000536735
122 75000536735
123 75000536735
124 75000536735
125 75000536735
126 75000536735
127 75000536735
128 75000536735
129 75000536735
130 75000536735
131 75000536735
132 75000536735
133 75000654271
134 75000654271
135 75000654271
136 75000654271
137 75000654271
138 75000695835
139 75000695835
140 75000695835
141 75000695835
142 75000695835
143 75000695835
144 75000695835
145 75000695835
146 75000695835
147 75000695835
148 75000695835
149 75000695835
150 75000695835
151 75000695835
152 75000695835
153 75000695835
154 75000695835
155 75000695835
156 75000695835
157 75000695835
158 75000695835
159 75000695835
160 75000695835
161 75000695835
162 75000695835
163 75000695835
164 75000695835
165 75000695835
166 75000695835
167 75000695835
168 75000695835
169 75000695835
170 75000695835
171 75000695835
172 75000695835
173 75000695835
174 75000695835
175 75000695835
176 75000695835
177 75000695835
178 75000695835
179 75000695835
180 75000695835
181 75000695835
182 75000695835
183 75000695835
184 75000695835
185 75000695835
186 75000695835
187 75000695835
188 75000695835
189 75000695835
190 75000695835
191 75015208047
192 75015208047
193 75015208047
194 75015208047
195 75015208047
196 75015208047
197 75015208047
198 75015208047
199 75015208047
200 75015208047
201 75015208047
202 75015208047
203 75017512807
204 75017512807
205 75017512807
206 75017512807
207 75017512807
208 75017512807
209 75017512807
210 75017512807
211 75017512807
212 75017512807
213 75017512807
214 75017512807
215 75017512807
216 75017512807
217 75017512807
218 75017512807
219 75017512807
220 75019334111
221 75019334111
222 75019334111
223 75019334111
224 75019334111
225 75019334111
226 75019334111
227 75019334111
228 75019334111
229 75019334111
230 75019334111
231 75019334111
232 75019334111
233 75019334111
234 75019334111
235 75019334111
236 75019334111
237 75019334111
238 75019334111
239 75019334111
240 75019334111
241 75019334111
242 75019334111
243 75019334111
244 75019334111
245 75019334111
246 75019334111
247 75019334111
248 75019334111
249 75259871231
250 75259871231
251 75259871231
252 75259871231
253 75259871231
254 75259871231
255 75259871231
256 75259871231
257 75259871231
258 75259871231
259 75259871231
260 75259871231
261 75259871231
262 75259871231
263 75259871231
264 75259871231
265 75259871231
266 75259871231
267 75259871231
268 75259871231
269 75259871231
270 75259871231
271 75259871231
272 75259871231
273 75259871231
274 75259871231
275 75259871231
276 75259871231
277 75259871231
278 75259871231
279 75259871231
280 75259871231
281 75259871231
282 75259871231
283 75259871231
284 75259871231
285 75259871231
286 75259871231
287 75259871231
288 75259871231
289 83987887551
290 83987887551
291 83987887551
292 83987887551
293 83987887551
294 83987887551
295 83987887551
296 83987887551
297 83987887551
298 83987887551
299 83987887551
300 83987887551
301 83987887551
302 83987887551
303 83987887551
304 83987887551
305 83987887551
306 83987887551
307 83987887551
308 83987887551
309 83987887551
310 83987887551
311 83987887551
312 83987887551
313 83987887551
314 83987887551
315 83987887551
316 83987887551
317 83987887551
318 83987887551
319 83987887551
320 83987887551
321 83987887551
322 83987887551
323 83987887551
324 83987887551
325 83987887551
326 83987887551
327 83987887551
328 83987887551
329 83987887551
330 83987887551
331 83987887551
332 83987887551
333 83987887551
334 83987887551
335 83987887551
336 83987887551
