q=5 upper-side ladder: depths 1..459, 66 distinct record holders
  deepest: r_min(459) = 848537873557

     N        r_min(N)  log2 r_min  log2(1/p_N)    Delta1  I*N+1.5log2N
     1               5      2.3219       2.0000    0.3219        0.0323
     2              21      4.3923       2.4150    1.9773        1.5646
    16             533      9.0580       5.1518    3.9062        6.5168
    32             789      9.6239       6.6054    3.0185        8.5336
    38            1205     10.2348       7.0493    3.1856        9.0993
    47            5205     12.3457       7.6721    4.6736        9.8500
    50            8341     13.0260       7.8695    5.1565       10.0808
    53           10677     13.3822       8.0625    5.3197       10.3038
    56           14357     13.8095       8.2516    5.5579       10.5199
    66           18837     14.2013       8.8108    5.3905       11.1984
    72           51733     15.6588       9.1517    6.5071       11.5805
    87           82773     16.3369       9.9731    6.3638       12.4746
    91          106005     16.6938      10.1566    6.5372       12.7011
    94          108565     16.7282      10.3072    6.4210       12.8682
    97          217269     17.7291      10.4586    7.2706       13.0330
   100          284501     18.1181      10.6098    7.5083       13.1959
   106          391573     18.5789      10.9103    7.6686       13.5158
   119          400533     18.6116      11.5242    7.0873       14.1860
   122          640853     19.2896      11.6635    7.6262       14.3368
   125         1025365     19.9677      11.8039    8.1638       14.4863
   128         1478837     20.4960      11.9447    8.5513       14.6345
   131         1847125     20.8169      12.0853    8.7315       14.7815
   146         2030677     20.9535      12.7827    8.1708       15.5007
   159         2180437     21.0562      13.3396    7.7166       16.1052
   168         2232853     21.0905      13.7397    7.3507       16.5150
   171         2397461     21.1931      13.8728    7.3203       16.6502
   181         2766677     21.3997      14.2847    7.1151       17.0962
   184         4022805     21.9398      14.4126    7.5272       17.2287
   190         4218261     22.0082      14.6698    7.3384       17.4919
   196         9058613     23.1109      14.9275    8.1834       17.7530
   209        14493781     23.7889      15.4554    8.3335       18.3119
   212        15562581     23.8916      15.5796    8.3119       18.4397
   221        38156597     25.1854      15.9551    9.2304       18.8203
   233        38906133     25.2135      16.4565    8.7570       19.3224
   237        39090837     25.2203      16.6008    8.6195       19.4884
   265        51237173     25.6107      17.7174    7.8933       20.6345
   271        74716309     26.1549      17.9534    8.2015       20.8767
   289       122415189     26.8672      18.6747    8.1925       21.5973
   296       244830389     27.8672      18.9342    8.9330       21.8752
   299       250706325     27.9014      19.0495    8.8519       21.9939
   302       815268373     29.6027      19.1664   10.4363       22.1125
   339       834834261     29.6369      20.5918    9.0451       23.5577
   342       854870805     29.6711      20.7088    8.9623       23.6737
   345      1094234645     30.0273      20.8260    9.2013       23.7895
   348      1750775829     30.7053      20.9433    9.7621       23.9051
   352      1879882133     30.8080      21.0786    9.7294       24.0590
   361      3007809973     31.4861      21.4196   10.0665       24.4044
   364      4812495957     32.1641      21.5348   10.6293       24.5192
   367      4927984597     32.1984      21.6503   10.5480       24.6339
   370      6307820309     32.5545      21.7661   10.7884       24.7484
   373     10092512533     33.2326      21.8820   11.3506       24.8628
   376     12918410901     33.5887      21.9980   11.5907       24.9770
   379     21165572533     34.3010      22.1141   12.1869       25.0911
   386     21673560725     34.3352      22.3593   11.9760       25.3568
   389     29787929269     34.7940      22.4721   12.3219       25.4705
   401     39980551349     35.2186      22.9288   12.2897       25.9238
   411     79961363541     36.2186      23.2912   12.9274       26.3001
   414    102350545333     36.5747      23.4013   13.1734       26.4128
   417    131008698197     36.9309      23.5131   13.4178       26.5253
   420    209613730325     37.6089      23.6257   13.9833       26.6377
   423    268305619125     37.9651      23.7388   14.2263       26.7500
   426    274744202517     37.9993      23.8522   14.1471       26.8622
   429    309335473493     38.1704      23.9658   14.2046       26.9743
   445    494936757589     38.8485      24.5486   14.2998       27.5704
   448    648723180885     39.2388      24.6595   14.5793       27.6818
   454    848537873557     39.6262      24.8835   14.7427       27.9044

  Delta1 > 0 at 66 of 66 record holders (for A the published count is 24 of 24)
  OLS slope of Delta1 vs N : +0.021080   intercept +3.8465
  Theil-Sen slope          : +0.021928
  block bootstrap 95% CI   : [+0.015980, +0.023344]   (blocks of  3, 4000 resamples)
  block bootstrap 95% CI   : [+0.011817, +0.023393]   (blocks of  8, 4000 resamples)
  block bootstrap 95% CI   : [+0.008426, +0.025296]   (blocks of 16, 4000 resamples)
  implied growth exponent I(q) + slope = 0.053381   (I(5) = 0.032301)

  Effective sample size: the holders are strongly serially correlated -- consecutive
  depths share a holder, so the 66 rows are 66 independent draws only if
  each new holder is independent of the last; lag-1 autocorrelation of Delta1:
    rho_1 = +0.9013,  n_eff = n(1-rho)/(1+rho) = 3.4
