# tree  q=5 r=-1  cap=2^28  holders=62  maxN=301  nodes=107654295
1 5
2 13
13 21
16 45
22 77
25 269
28 349
32 397
35 509
38 1205
47 3021
50 4061
60 10397
66 11773
69 18837
72 42589
75 50509
84 51733
87 53005
91 54285
94 69549
97 89037
100 142445
103 227661
106 233181
109 244461
115 250333
119 400533
122 512637
125 1025365
128 1478837
131 1803533
143 1846781
146 2030677
159 2180437
168 2232853
171 2341373
178 2397461
181 2455021
184 2514253
187 2574605
190 3295501
193 4218261
196 6749197
199 8638973
202 8846301
206 9058605
209 11595021
212 15562581
221 37658541
233 38709037
237 39090837
265 50036301
268 51237173
271 66361389
274 67954637
277 69584973
280 71255021
283 74716309
289 122415189
296 156691453
299 250706325
